terminateTime: 911
validRange: 901
========== experiment parameter config ================ 
threads_: 24
speed_up_ratio_: 28
policy_strategy_: 3
delay_tolerance_: 30
agent_num_: 40
partitions_: 100
========== experiment parameter config ================ 
agent number
440, 440, 440, 440, 440, 880, 880, 880, 880, 880, 1360, 1360, 1280, 1280, 1760, 1760, 1760, 1760, 1760, 2280, 2280, 2200, 2200, 2200, 2680, 2640, 2600, 2600, 3080, 3080, 3040, 3000, 2880, 3360, 3360, 3320, 3320, 3840, 3600, 3600, 3560, 3440, 4000, 4000, 3880, 3680, 3560, 4200, 4120, 4040, 3960, 4680, 4560, 4480, 4360, 4280, 4960, 4920, 4800, 4720, 4680, 5400, 5120, 5000, 4680, 5440, 5360, 5200, 5040, 4880, 5680, 5560, 5360, 5240, 6120, 6000, 5840, 5760, 5640, 6600, 6400, 6280, 6200, 6080, 7000, 6960, 6880, 6640, 7480, 7160, 7000, 6760, 6680, 7640, 7400, 7280, 7120, 8080, 8000, 7840, 7640, 7400, 8560, 8360, 8280, 8040, 8000, 8960, 8800, 8560, 8400, 9680, 9520, 9280, 9120, 8880, 10080, 9960, 9560, 9280, 8880, 10080, 9800, 9640, 9320, 10520, 10440, 10160, 9960, 9680, 11000, 10720, 10400, 10120, 11600, 11400, 11160, 10840, 10520, 11920, 11480, 11280, 11040, 10760, 12040, 11960, 11840, 11600, 13320, 12960, 12600, 12400, 12120, 13600, 13280, 12960, 12720, 14400, 13920, 13640, 13400, 13160, 15000, 14760, 14400, 14120, 13880, 15680, 15320, 14880, 14600, 16360, 16120, 15880, 15800, 15240, 17160, 16800, 16440, 16000, 15760, 17920, 17640, 17240, 16800, 19000, 18560, 17880, 17560, 16960, 19200, 18760, 18520, 18120, 20360, 19760, 19200, 18760, 18200, 20520, 20000, 19520, 18880, 18480, 20920, 20240, 19720, 19360, 22000, 21560, 21120, 20800, 20400, 23200, 22480, 22000, 21560, 24400, 24160, 23760, 23240, 23040, 25960, 25040, 24360, 24000, 23480, 26240, 25720, 25080, 24320, 27600, 27000, 26520, 25920, 25240, 28600, 28000, 27160, 26080, 25640, 29000, 28480, 27880, 27040, 30720, 29960, 29160, 28560, 27720, 31200, 30520, 30000, 29320, 33120, 32320, 31720, 30880, 29840, 33760, 33240, 32600, 31720, 31240, 35200, 34520, 33920, 33120, 37680, 36760, 35800, 34880, 34160, 38680, 37800, 36800, 35960, 40600, 39520, 38760, 37560, 36400, 41040, 40080, 39440, 38400, 37400, 42640, 41840, 41000, 39960, 45160, 44400, 43240, 42320, 41520, 46440, 45440, 43960, 43080, 42200, 47320, 46440, 45400, 44520, 49880, 48720, 47640, 46280, 45200, 50720, 49280, 48400, 47640, 53480, 52560, 51160, 49680, 48440, 54120, 53080, 52120, 50840, 49240, 55160, 53800, 52840, 51520, 58200, 56840, 55360, 53760, 52280, 58840, 57440, 55920, 54680, 61600, 60240, 59200, 57720, 56240, 63280, 62240, 61000, 59560, 58480, 65760, 64040, 62600, 61240, 68840, 67520, 65760, 64160, 62280, 69960, 68600, 66680, 65360, 63800, 71560, 69760, 68080, 65760, 74120, 72640, 70440, 68920, 66680, 75080, 73600, 72000, 70480, 79240, 77280, 75440, 73520, 71640, 80320, 78480, 76640, 74960, 72840, 81400, 79680, 77920, 75760, 84960, 82640, 80800, 78760, 77200, 87240, 85040, 82840, 80400, 89840, 87880, 85760, 83440, 81040, 91000, 89040, 87360, 85400, 83200, 93800, 91040, 88520, 85840, 96240, 94600, 92080, 90240, 87800, 99000, 96560, 94720, 92000, 89840, 101000, 98080, 95880, 93240, 104880, 101960, 99680, 97520, 94840, 106560, 104200, 101720, 99560, 111280, 108680, 106160, 103800, 101280, 113960, 111600, 108640, 105920, 103720, 116320, 113560, 110440, 108200, 120560, 117680, 114960, 112600, 109720, 122600, 120080, 117400, 115040, 127840, 125160, 122560, 119880, 116920, 130640, 127720, 124800, 121840, 119360, 133200, 129480, 126080, 123000, 136800, 133680, 131400, 128320, 124960, 139320, 136000, 132680, 129280, 125840, 140080, 136680, 133720, 130040, 145000, 142080, 138520, 134960, 131360, 147080, 144120, 140680, 137800, 153440, 149600, 146280, 142440, 139120, 155360, 152080, 149000, 144800, 140600, 157080, 153680, 149800, 146360, 163840, 160160, 156440, 152480, 148520, 166200, 161720, 157960, 153440, 170720, 166880, 162800, 158960, 155720, 173560, 168840, 164880, 160800, 156280, 174000, 169520, 165040, 160960, 179600, 175480, 170800, 166960, 162760, 181200, 175880, 171800, 167720, 163640, 182720, 178440, 174960, 170640, 189760, 185480, 181680, 177760, 173240, 192680, 189080, 184600, 180360, 199880, 195560, 191480, 186560, 181800, 201920, 197080, 192080, 187120, 181480, 201840, 196600, 191800, 186920, 207680, 202400, 197160, 193160, 187400, 208160, 203600, 198800, 194480, 215560, 211080, 206120, 201480, 197920, 219400, 214200, 209160, 203840, 199080, 221080, 216000, 210400, 204840, 227120, 222160, 216400, 211200, 206120, 228160, 222680, 216800, 211600, 205360, 228760, 223360, 217760, 212120, 235000, 229400, 223640, 217240, 211000, 234600, 228680, 223160, 217680, 241400, 236280, 231360, 225160, 219280, 243480, 237600, 232280, 226640, 221080, 245240, 240000, 233760, 228880, 252600, 247200, 241360, 235680, 229520, 254960, 249440, 243280, 236600, 262920, 256800, 249960, 243400, 237320, 263280, 257600, 251040, 245000, 238920, 264400, 257880, 251400, 246160, 273080, 266800, 260280, 254360, 247960, 274640, 267920, 261360, 255240, 250000, 276720, 270800, 263920, 256520, 282840, 275480, 269560, 262840, 256360, 283800, 277720, 271160, 264640, 292840, 285960, 278920, 272040, 264440, 292760, 286200, 279680, 271920, 265280, 293400, 286840, 279920, 272880, 300600, 294640, 288520, 281520, 273520, 302640, 296000, 289680, 281040, 309360, 302160, 295360, 288000, 280680, 309560, 302600, 295160, 287760, 280800, 309480, 301360, 294080, 286840, 315120, 308520, 300040, 293200, 286400, 315640, 308480, 301360, 294360, 287080, 317360, 308800, 301080, 293040, 322360, 314400, 306600, 299880, 292320, 323480, 316200, 308720, 300640, 330680, 322960, 315480, 307600, 300080, 330520, 323040, 314760, 307600, 299600, 330000, 322640, 315000, 307360, 338440, 331080, 323400, 316000, 308240, 339160, 331160, 324240, 316520, 346920, 338120, 330240, 321800, 314080, 344360, 336640, 328200, 319960, 311560, 342000, 334840, 326960, 319000, 350520, 342280, 333920, 327240, 319480, 351240, 343720, 335480, 327360, 318480, 350480, 342320, 333600, 326640, 358160, 350040, 342320, 334440, 326800, 358120, 349520, 340960, 332400, 364040, 356040, 347720, 338120, 329080, 361520, 354640, 346600, 338760, 330120, 361200, 353200, 344920, 336080, 367360, 358200, 349680, 340920, 333320, 365000, 356600, 348440, 340320, 372080, 363880, 355280, 347160, 339200, 370080, 362080, 354400, 345560, 337040, 368000, 358280, 350120, 341840, 373320, 364960, 356440, 348120, 338960, 371360, 363720, 356280, 346600, 337680, 370200, 361600, 353800, 345880, 377920, 368920, 359720, 351960, 344560, 375480, 366160, 357440, 348880, 380880, 371840, 363440, 355440, 346080, 378520, 369920, 361280, 352720, 343600, 375520, 367160, 358680, 349120, 381240, 372640, 364440, 356120, 347920, 379920, 372440, 363200, 355040, 386360, 377640, 368960, 360360, 351480, 383160, 374240, 365680, 357480, 349320, 381520, 373200, 364960, 356200, 388120, 379120, 371000, 362680, 354920, 386720, 377920, 370360, 361880, 353160, 384600, 375600, 366520, 358000, 389760, 380920, 372760, 364040, 355640, 387240, 379520, 372000, 363640, 395720, 387320, 378800, 369920, 361280, 392240, 383480, 375200, 365160, 356280, 356280, 356280, 356280, 356280, 356280, 356280, 356280, 356280, 356280, 356280, 356280, 356280, 356280, 356280, 356280, 356280, 356280, 356280, 356280, 356280, 356280, 356280, 356280, 356280, 356280, 356280, 356280, 356280, 356280, 356280, 356280, 356280, 356280, 356280, 356280, 356280, 356280, 356280, 356280, 356280, 356280, 356280, 356280, 356280, 356280, 356280, 356280, 356280, 356280, 356280, 356280, 
Assign im-Balanced Workload
using multi TBB priority queue to save tasks
====================policy config======================
strategy_: 3
expected_latency_: 30
thread_num_: 24
operator_num_: 1201
====================policy config======================
synthetic source starts inject tuples
ingestion_core_id: 23
total physical core number: 24
policy_core_id: 22
data provider start 
total size: 58
total size: 353
total size: 16
total size: 252
total size: 473
total size: 551
total size: 1107
total size: 1824
total size: 1386
total size: 2530
total size: 2688
total size: 5477
ingestion time: 32535724339
DYNAMIC_QUERY_BASED Finished
average latency avg-max-min
0:0-0-0,1:0-0-0,2:0-0-0,3:0-0-0,4:0-0-0,5:0-0-0,6:0-0-0,7:0-0-0,8:0-0-0,9:0-0-0,10:0-0-0,11:0-0-0,12:0-0-0,13:0-0-0,14:0-0-0,15:0-0-0,16:0-0-0,17:0-0-0,18:0-0-0,19:0-0-0,20:0-0-0,21:0-0-0,22:0-0-0,23:0-0-0,24:0-0-0,25:0-0-0,26:0-0-0,27:0.493042-0.909888-0,28:0.299746-0.61684-0,29:0.308813-0.628876-0,30:0.325868-0.616868-0,31:0.337109-0.609166-0,32:0.417482-0.816212-0,33:0.317608-0.658106-0,34:0.316624-0.668359-0,35:0.315225-0.676317-0,36:0.422152-1.04143-0,37:0.309176-0.748632-0,38:0.308329-0.724852-0,39:0.31391-0.696414-0,40:0.323632-0.719301-0,41:0.40958-1.00173-0,42:0.314886-0.783154-0,43:0.333512-0.942099-0,44:0.326453-0.785511-0,45:0.315088-0.74921-0,46:0.394881-0.902331-0,47:0.32549-0.798676-0,48:0.321444-0.788247-0,49:0.329934-0.788215-0,50:0.402554-1.11856-0,51:0.333098-0.878944-0,52:0.330675-0.824137-0,53:0.333718-0.820247-0,54:0.335565-0.828298-0,55:0.395396-1.2046-0,56:0.333802-0.934528-0,57:0.342728-0.948159-0,58:0.339339-0.923004-0,59:0.34061-0.92059-0,60:0.407237-1.1983-0,61:0.352384-1.01356-0,62:0.346715-0.981982-0,63:0.340669-1.00619-0,64:0.386382-1.10013-0,65:0.352065-1.0135-0,66:0.354173-1.01257-0,67:0.357929-1.03679-0,68:0.35256-0.966607-0,69:0.408709-1.14123-0,70:0.352072-1.00976-0,71:0.35274-0.923094-0,72:0.356115-1.02511-0,73:0.400656-1.20829-0,74:0.381996-1.24779-0,75:0.364248-1.05536-0,76:0.365298-1.06929-0,77:0.361811-1.04732-0,78:0.419029-1.2353-0,79:0.376377-1.18587-0,80:0.375105-1.16293-0,81:0.371362-1.14439-0,82:0.378138-1.15287-0,83:0.424391-1.58396-0,84:0.375987-1.26357-0,85:0.392079-1.22489-0,86:0.382038-1.14957-0,87:0.432648-1.67806-0,88:0.392884-1.35007-0,89:0.394988-1.29434-0,90:0.387795-1.16031-0,91:0.388427-1.15629-0,92:0.444549-1.62387-0,93:0.400783-1.35672-0,94:0.399959-1.36145-0,95:0.387391-1.30444-0,96:0.459692-1.65722-0,97:0.42121-1.39669-0,98:0.410459-1.43504-0,99:0.418027-1.40754-0,100:0.412466-1.3715-0,101:0.462776-1.72817-0,102:0.438874-1.54716-0,103:0.423918-1.48044-0,104:0.42431-1.4281-0,105:0.416606-1.3813-0,106:0.4806-1.73456-0,107:0.440956-1.57049-0,108:0.435356-1.52749-0,109:0.432669-1.49461-0,110:0.493793-1.7908-0,111:0.464863-1.7057-0,112:0.462359-1.6777-0,113:0.455664-1.74353-0,114:0.450146-1.57177-0,115:0.49898-1.84472-0,116:0.479392-1.76974-0,117:0.469094-1.74279-0,118:0.468446-1.65665-0,119:0.451489-1.51682-0,120:0.487927-1.8313-0,121:0.471609-1.71408-0,122:0.470714-1.7507-0,123:0.46387-1.70317-0,124:0.512367-1.88933-0,125:0.494231-1.87495-0,126:0.473466-1.7176-0,127:0.48156-1.76494-0,128:0.477084-1.76431-0,129:0.525102-2.00178-0,130:0.505324-1.92645-0,131:0.498005-1.87952-0,132:0.490603-1.86629-0,133:0.540067-2.01002-0,134:0.522094-1.98288-0,135:0.51181-1.94646-0,136:0.502017-1.90665-0,137:0.503866-1.92782-0,138:0.549566-2.00193-0,139:0.526827-2.05605-0,140:0.510067-1.98517-0,141:0.522578-1.94991-0,142:0.510262-1.90478-0,143:0.559512-2.01877-0,144:0.539806-2.12488-0,145:0.53809-2.10558-0,146:0.527463-2.03497-0,147:0.588654-2.32608-0,148:0.572604-2.17958-0,149:0.56515-2.28638-0,150:0.561651-2.22508-0,151:0.554628-2.18467-0,152:0.600814-2.54335-0,153:0.573924-2.20294-0,154:0.572375-2.25859-0,155:0.566878-2.28946-0,156:0.637351-2.77484-0,157:0.59786-2.43914-0,158:0.589716-2.38503-0,159:0.578497-2.21427-0,160:0.583113-2.19355-0,161:0.647546-2.84822-0,162:0.620834-2.59183-0,163:0.607835-2.50804-0,164:0.609257-2.45539-0,165:0.587172-2.30929-0,166:0.664192-2.8761-0,167:0.638503-2.61431-0,168:0.620538-2.59716-0,169:0.620327-2.43376-0,170:0.675078-2.77003-0,171:0.683288-3.07735-0,172:0.65276-2.60741-0,173:0.656321-2.68917-0,174:0.634669-2.74186-0,175:0.713638-3.16973-0,176:0.679597-2.85058-0,177:0.669537-2.77809-0,178:0.67519-2.79972-0,179:0.6636-2.62718-0,180:0.731555-3.27978-0,181:0.707004-3.0216-0,182:0.692524-2.98922-0,183:0.684416-2.89845-0,184:0.771193-3.53386-0,185:0.744935-3.18548-0,186:0.719311-2.96395-0,187:0.72515-3.28338-0,188:0.682897-2.92816-0,189:0.769063-3.47005-0,190:0.748253-3.25034-0,191:0.741797-3.13176-0,192:0.719406-3.08902-0,193:0.800035-3.44545-0,194:0.776538-3.24832-0,195:0.754313-3.33248-0,196:0.744939-3.21234-0,197:0.733528-3.14471-0,198:0.807255-3.70686-0,199:0.775191-3.42739-0,200:0.765706-3.38613-0,201:0.750311-3.25695-0,202:0.729715-3.14212-0,203:0.819852-3.75655-0,204:0.788838-3.40925-0,205:0.769876-3.34795-0,206:0.761623-3.33169-0,207:0.85077-3.77789-0,208:0.827177-3.76502-0,209:0.817398-3.61338-0,210:0.804266-3.52233-0,211:0.803071-3.55823-0,212:0.886045-4.10797-0,213:0.858529-3.83429-0,214:0.854396-3.76083-0,215:0.827265-3.71292-0,216:0.923238-4.17125-0,217:0.919295-4.11591-0,218:0.898623-4.03979-0,219:0.879165-3.91616-0,220:0.872668-3.98382-0,221:0.973596-4.41413-0,222:0.932595-4.34123-0,223:0.906505-4.24546-0,224:0.896292-4.09558-0,225:0.882203-3.90167-0,226:0.980299-4.29355-0,227:0.956651-4.3852-0,228:0.936218-4.36464-0,229:0.911073-4.20996-0,230:1.01699-4.61722-0,231:1.00317-4.46941-0,232:0.988575-4.56423-0,233:0.959313-4.37992-0,234:0.945191-4.38696-0,235:1.05599-4.94239-0,236:1.03677-4.71643-0,237:1.01502-4.76745-0,238:0.95066-4.29792-0,239:0.958324-4.40709-0,240:1.0628-5.0425-0,241:1.04382-4.8109-0,242:1.0071-4.68359-0,243:1.00586-4.68716-0,244:1.11024-5.04796-0,245:1.07961-5.11646-0,246:1.0557-4.95045-0,247:1.0453-4.8303-0,248:1.02392-4.70391-0,249:1.12605-5.1392-0,250:1.09771-5.24111-0,251:1.07898-5.15011-0,252:1.04973-4.92668-0,253:1.19797-5.66535-0,254:1.15053-5.44046-0,255:1.13377-5.42138-0,256:1.1201-5.12864-0,257:1.10109-5.26012-0,258:1.1981-5.68886-0,259:1.19467-5.90601-0,260:1.16293-5.4087-0,261:1.12891-5.28497-0,262:1.12849-5.19456-0,263:1.241-6.02952-0,264:1.21766-5.89813-0,265:1.20959-5.8026-0,266:1.1715-5.56935-0,267:1.32406-6.29407-0,268:1.28206-6.30432-0,269:1.27251-5.8595-0,270:1.24272-5.96654-0,271:1.21318-5.80719-0,272:1.35681-6.52594-0,273:1.31444-6.51215-0,274:1.27333-6.28799-0,275:1.2665-5.85211-0,276:1.40081-6.89233-0,277:1.36859-6.64884-0,278:1.34741-6.34831-0,279:1.32723-6.68348-0,280:1.2707-6.30404-0,281:1.43071-6.85279-0,282:1.39075-6.76475-0,283:1.35703-6.56323-0,284:1.33643-6.61313-0,285:1.31541-6.43344-0,286:1.45068-6.98047-0,287:1.4449-6.91197-0,288:1.41158-6.99165-0,289:1.38243-6.88554-0,290:1.55466-7.67509-0,291:1.51932-7.40579-0,292:1.49456-7.35912-0,293:1.45704-7.10518-0,294:1.4223-7.00141-0,295:1.6028-7.81686-0,296:1.55387-7.63635-0,297:1.50766-7.30478-0,298:1.48112-7.37509-0,299:1.44222-6.92377-0,300:1.61287-7.94825-0,301:1.59036-7.821-0,302:1.55853-7.72201-0,303:1.52489-7.49253-0,304:1.70543-8.59336-0,305:1.6421-8.06686-0,306:1.62918-8.03575-0,307:1.58558-7.84798-0,308:1.55337-7.6717-0,309:1.71589-8.64365-0.032211,310:1.647-7.94392-0,311:1.66842-8.31237-0.035232,312:1.63263-7.99119-0,313:1.79408-9.02922-0.028461,314:1.77451-8.92783-0.028896,315:1.7314-8.68427-0.030183,316:1.70328-8.42968-0,317:1.65713-8.13109-0,318:1.80521-9.36597-0.028607,319:1.79189-8.87605-0.02389,320:1.78058-8.85268-0,321:1.74882-8.66638-0,322:1.66227-7.9389-0,323:1.8841-9.47583-0.032114,324:1.80563-9.02719-0.023022,325:1.78438-8.99932-0.028681,326:1.77885-8.73168-0,327:1.94082-9.66156-0.035852,328:1.90971-9.68162-0.029681,329:1.86387-9.36092-0.025169,330:1.81942-9.08525-0.028913,331:1.77029-8.88295-0.02653,332:1.97432-9.91975-0.0277,333:1.93103-9.74816-0.033107,334:1.87578-9.27342-0.028497,335:1.83729-9.32052-0.023699,336:2.05391-10.1881-0.017408,337:2.02356-10.3443-0.029905,338:1.98791-9.85665-0.027628,339:1.95524-9.75401-0.025526,340:1.89107-9.44918-0.028532,341:2.11306-10.6411-0.028434,342:2.08114-10.2918-0.034889,343:2.042-10.4411-0.029749,344:1.99713-10.1125-0.025353,345:1.95272-9.86935-0.025304,346:2.19092-10.9098-0.027371,347:2.14948-10.966-0.033822,348:2.08274-10.4544-0.030563,349:2.04619-10.2854-0.025478,350:2.27995-11.6446-0.019323,351:2.25201-11.4952-0.026055,352:2.19525-11.0177-0.027186,353:2.13626-10.9035-0.02449,354:2.091-10.2428-0.029127,355:2.33556-12.2078-0.023459,356:2.28695-11.4584-0.029833,357:2.22019-11.1869-0.029286,358:2.16896-10.9143-0.030782,359:2.1302-10.6701-0.030766,360:2.36868-11.9649-0.025784,361:2.32543-11.7672-0.031952,362:2.25584-11.5851-0.028796,363:2.19651-10.9608-0.02981,364:2.42414-12.5277-0.020614,365:2.44982-12.2519-0.030607,366:2.34403-11.5486-0.030682,367:2.30205-11.6024-0.03199,368:2.22187-11.1508-0.026973,369:2.47912-12.5855-0.029612,370:2.41535-12.5466-0.030901,371:2.42184-12.1703-0.033536,372:2.3414-11.8263-0.030103,373:2.62331-13.2977-0.03,374:2.56974-12.7623-0.028243,375:2.49372-12.651-0.028208,376:2.3995-12.4539-0.025837,377:2.41181-12.0886-0.03119,378:2.65571-13.5636-0.022417,379:2.62856-13.4362-0.028317,380:2.5466-12.7615-0.032314,381:2.50712-12.346-0.028604,382:2.3899-12.4059-0.027283,383:2.69654-13.3508-0.032371,384:2.64148-13.4355-0.029145,385:2.58224-13.1245-0.033193,386:2.50007-12.8956-0.032532,387:2.80469-14.0661-0.034612,388:2.72734-13.9371-0.031856,389:2.67422-13.6574-0.032204,390:2.59519-13.1911-0.034008,391:2.55063-12.9166-0.026992,392:2.85949-14.6482-0.022993,393:2.80221-14.2561-0.029324,394:2.73467-13.8012-0.031149,395:2.67687-13.478-0.035019,396:2.94675-15.2811-0.02939,397:2.88197-14.7368-0.034021,398:2.82874-14.7194-0.032524,399:2.76683-13.8285-0.035058,400:2.6882-13.5662-0.032412,401:2.97977-15.2821-0.028745,402:2.92018-15.0004-0.031761,403:2.87143-14.7191-0.028819,404:2.81749-14.2073-0.03584,405:2.7509-14.078-0.032281,406:3.07054-15.6463-0.024012,407:2.99162-15.199-0.029413,408:2.92736-14.7621-0.037365,409:2.83168-14.4859-0.031304,410:3.15095-15.8167-0.034849,411:3.09545-15.4815-0.041189,412:3.011-14.9268-0.034258,413:2.96557-15.1485-0.033195,414:2.88173-14.4918-0.030975,415:3.2293-16.3007-0.031843,416:3.16375-15.9494-0.034888,417:3.10239-15.4575-0.034525,418:3.01545-15.013-0.03363,419:2.96449-14.9117-0.035715,420:3.29722-16.6669-0.024319,421:3.19543-16.0234-0.031794,422:3.15469-15.9112-0.03367,423:3.04778-15.5942-0.030277,424:3.42438-17.2364-0.037713,425:3.32415-16.638-0.036354,426:3.26525-16.6422-0.033749,427:3.18896-15.7043-0.027099,428:3.09998-15.6796-0.030667,429:3.48065-17.5921-0.034704,430:3.41936-16.8707-0.036319,431:3.30563-16.5034-0.034555,432:3.26031-16.3893-0.034215,433:3.61727-18.1031-0.038789,434:3.54627-18.1542-0.026186,435:3.45051-17.243-0.035966,436:3.38482-17.1285-0.028208,437:3.30445-16.7519-0.038685,438:3.7006-18.7113-0.034899,439:3.61471-18.1015-0.031759,440:3.53914-18.0144-0.036815,441:3.44695-17.3554-0.029935,442:3.36152-17.127-0.03385,443:3.76739-18.982-0.041803,444:3.69517-18.6857-0.035515,445:3.59721-17.9957-0.041383,446:3.55447-17.7803-0.031631,447:3.90555-19.6177-0.036055,448:3.80779-19.4361-0.029445,449:3.73311-18.7561-0.035254,450:3.66048-18.7244-0.032707,451:3.58473-18.0159-0.036291,452:3.96998-20.1373-0.043956,453:3.90601-19.4971-0.033106,454:3.80582-19.2281-0.036277,455:3.74166-18.9672-0.03668,456:4.14252-21.0224-0.034001,457:4.05382-20.5859-0.037979,458:3.96594-20.2053-0.038767,459:3.90456-19.5374-0.037337,460:3.79719-19.1783-0.036708,461:4.23397-21.3732-0.038706,462:4.10338-20.8493-0.029707,463:4.06184-20.5853-0.03668,464:3.96375-20.0365-0.036523,465:3.87374-19.4915-0.036027,466:4.31684-21.8077-0.037192,467:4.19361-21.3862-0.042596,468:4.07888-20.9054-0.037332,469:3.9977-20.2547-0.039059,470:4.41263-22.3498-0.037567,471:4.32681-21.6888-0.038131,472:4.25454-21.8602-0.039554,473:4.14446-21.2627-0.040463,474:4.05903-20.6601-0.042479,475:4.49283-22.9092-0.037747,476:4.39765-22.5633-0.029708,477:4.27739-21.5984-0.033705,478:4.18199-21.2346-0.034082,479:4.10206-20.6062-0.043959,480:4.538-23.1656-0.039318,481:4.4244-22.5123-0.043096,482:4.32539-21.6784-0.039302,483:4.21985-21.665-0.037463,484:4.68222-23.9907-0.043003,485:4.60027-23.4285-0.043012,486:4.48997-22.8187-0.039233,487:4.38506-22.4078-0.038899,488:4.25093-21.0856-0.040218,489:4.70072-24.0905-0.03214,490:4.69716-23.9244-0.030832,491:4.55895-23.0494-0.036359,492:4.48576-22.7739-0.039499,493:4.95209-25.5469-0.035558,494:4.84037-24.5697-0.040525,495:4.72186-24.3349-0.037434,496:4.63062-23.4694-0.040298,497:4.51621-23.1571-0.038647,498:5.06019-26.1035-0.043456,499:4.95405-25.2336-0.041177,500:4.9092-26.7923-0.037301,501:4.68945-23.7652-0.039152,502:4.54217-23.1737-0.039699,503:5.07227-25.9445-0.035856,504:4.94968-25.5018-0.032646,505:4.85369-24.7834-0.04161,506:4.70507-24.1225-0.040269,507:5.29846-27.2435-0.041395,508:5.18014-26.1548-0.044129,509:5.05164-25.7571-0.030661,510:4.91551-25.0204-0.043423,511:4.78254-24.447-0.037585,512:5.3879-27.0749-0.044999,513:5.22251-26.411-0.043356,514:5.10876-26.1529-0.036543,515:4.9863-25.2363-0.036749,516:5.48246-27.641-0.042477,517:5.39814-27.2344-0.042194,518:5.27792-26.6388-0.031036,519:5.13714-26.2168-0.040814,520:5.03425-25.6962-0.035282,521:5.58597-28.4385-0.042149,522:5.42886-27.8353-0.04309,523:5.3088-27.1064-0.0415,524:5.21147-26.3749-0.044712,525:5.06617-25.9985-0.036613,526:5.60109-28.5161-0.04693,527:5.4561-27.7353-0.040931,528:5.32397-27.0634-0.04547,529:5.1936-26.4257-0.036651,530:5.81069-29.2109-0.050953,531:5.67146-29.1649-0.044222,532:5.49844-28.0617-0.03261,533:5.3989-27.5326-0.041198,534:5.24797-26.8051-0.04133,535:5.84539-29.8219-0.042099,536:5.67659-28.7415-0.041024,537:5.54955-28.4998-0.040976,538:5.4173-27.1499-0.053259,539:5.32745-27.1012-0.037929,540:5.88542-29.9697-0.038623,541:5.76347-29.8949-0.038402,542:5.61557-28.7906-0.043956,543:5.50263-28.2099-0.039059,544:6.13062-31.1257-0.047804,545:6.07788-32.2821-0.039118,546:6.00584-32.8128-0.038429,547:5.88856-32.16-0.037641,548:5.71208-30.8376-0.038503,549:6.22799-32.6159-0.036403,550:6.31531-34.6327-0.03977,551:6.24849-36.154-0.037267,552:6.19592-36.7789-0.037759,553:6.8846-40.6658-0.036328,554:7.18733-44.5544-0.037821,555:7.34731-47.5835-0.039565,556:7.33684-49.7714-0.038044,557:7.22855-51.2202-0.037756,558:7.77041-55.3819-0.036472,559:8.09754-59.1782-0.041092,560:8.25939-62.7229-0.040257,561:8.30301-64.7211-0.039271,562:8.14596-65.7364-0.037421,563:8.68101-70.0097-0.04047,564:8.99594-73.635-0.03971,565:9.03873-76.5534-0.037678,566:9.08548-78.1476-0.038236,567:9.69644-83.5047-0.038884,568:10.1435-88.3054-0.039644,569:10.4074-91.8349-0.039516,570:10.5391-95.0349-0.039019,571:10.5532-96.8679-0.038247,572:11.2357-102.899-0.038024,573:11.3204-82.3346-0.040546,574:9.82078-60.1183-0.039118,575:8.92756-37.755-0.03925,576:9.30096-26.1988-0.081962,577:8.90247-25.4868-0.059464,578:8.66928-24.6141-0.072737,579:8.44413-23.9205-0.072151,580:8.33755-23.9377-0.06376,581:9.12809-26.3073-0.066909,582:8.90259-25.4444-0.057616,583:8.73834-24.9577-0.076033,584:8.64362-24.1222-0.068399,585:8.28065-23.6598-0.064528,586:9.21489-26.1217-0.066062,587:8.94577-25.9819-0.065505,588:8.74352-25.3075-0.063242,589:8.54245-24.0653-0.067121,590:9.47068-27.5146-0.067018,591:9.34478-29.8899-0.072058,592:9.01848-25.8902-0.074544,593:8.77367-25.3707-0.063146,594:8.60952-24.4399-0.064045,595:9.46315-27.16-0.066705,596:9.25383-26.504-0.074516,597:9.0627-25.6173-0.065211,598:8.81204-25.0831-0.062561,599:8.53327-24.2562-0.066418,600:9.51808-27.3715-0.070932,601:9.23548-26.6615-0.072016,602:9.06743-25.9083-0.063275,603:8.82038-25.6448-0.063825,604:9.74255-27.8032-0.072643,605:9.53366-27.66-0.070891,606:9.28914-26.5972-0.074727,607:9.039-25.8506-0.069574,608:8.77969-25.2237-0.062119,609:9.75265-28.0475-0.067867,610:9.48807-27.4073-0.076291,611:9.25344-26.7623-0.075801,612:9.08153-25.8912-0.071806,613:10.0348-29.1355-0.077079,614:9.99442-28.3497-0.079319,615:9.60817-27.5649-0.068627,616:9.3239-26.5278-0.066439,617:9.12988-26.3678-0.071547,618:10.101-28.8827-0.074459,619:9.85379-28.0832-0.07582,620:9.64598-27.7614-0.067642,621:9.48226-27.2789-0.080138,622:9.20929-26.3832-0.072977,623:10.1567-29.0534-0.077996,624:10.0662-28.6374-0.078811,625:9.7107-27.8557-0.075571,626:9.53018-27.4067-0.069625,627:10.4804-30.0609-0.08011,628:10.2627-29.5382-0.078441,629:9.99751-28.5883-0.07682,630:9.80351-28.4821-0.066554,631:9.50154-27.3045-0.068827,632:10.5844-30.1454-0.078707,633:10.3357-29.8745-0.079595,634:10.0709-29.0449-0.077388,635:9.83447-28.2961-0.076202,636:10.8727-31.4576-0.076926,637:10.6899-30.7484-0.077493,638:10.3719-29.8943-0.075936,639:10.1098-28.8944-0.080925,640:9.89818-28.3628-0.078186,641:10.9263-31.2017-0.072205,642:10.724-30.7209-0.084546,643:10.4444-29.8513-0.076331,644:10.1654-29.1841-0.069702,645:9.96743-28.6076-0.07673,646:11.0556-31.9537-0.073464,647:10.675-30.7819-0.076698,648:10.4377-30.453-0.076851,649:10.2138-29.3778-0.077432,650:11.3265-32.6526-0.078045,651:11.0898-31.9996-0.085382,652:10.8145-31.3319-0.073563,653:10.5674-30.1558-0.078844,654:10.3117-29.7629-0.08143,655:11.3853-32.6781-0.084286,656:11.1735-32.1867-0.080073,657:10.8663-31.1414-0.075617,658:10.611-30.4752-0.072724,659:10.4068-30.1567-0.077844,660:11.4483-32.976-0.083116,661:11.2518-32.15-0.076229,662:10.9703-31.5238-0.073803,663:10.6758-30.7445-0.078013,664:11.799-33.8674-0.090252,665:11.435-32.9034-0.070799,666:11.2307-32.4054-0.076899,667:10.9391-31.2638-0.07798,668:10.6453-30.3819-0.076141,669:11.7656-33.7771-0.088735,670:11.5589-33.3869-0.081423,671:11.3061-32.401-0.079459,672:11.0069-31.5008-0.066854,673:12.1993-35.4288-0.081865,674:11.9449-34.2585-0.078946,675:11.6996-33.3744-0.081109,676:11.4625-33.4514-0.074231,677:11.1093-32.4155-0.074329,678:12.273-35.0385-0.084866,679:12.0135-35.235-0.087966,680:11.8011-35.9579-0.087325,681:11.5062-35.9919-0.070834,682:11.2221-35.4899-0.082402,683:12.4262-37.3864-0.087301,684:12.1583-38.9337-0.077071,685:11.9751-39.7968-0.081443,686:11.677-39.942-0.070448,687:12.839-43.1558-0.083103,688:12.8303-45.8636-0.076029,689:12.3864-35.3978-0.080741,690:13.6494-50.644-0.07813,691:17.501-63.7632-0.073776,692:18.5488-43.5555-0.083553,693:15.3988-44.6482-0.070885,694:13.9163-37.1714-0.081381,695:14.0191-40.8444-0.08099,696:15.4412-41.2947-0.083083,697:15.5408-53.6495-0.077968,698:13.9756-40.0032-0.07896,699:13.8873-39.4807-0.080301,700:13.6767-44.2007-0.077738,701:16.0433-64.3918-0.074705,702:16.555-57.6646-0.081129,703:15.2408-42.2852-0.077535,704:16.2725-45.1734-0.075519,705:13.9067-41.2495-0.079167,706:13.0354-40.1119-0.079034,707:15.2576-48.7191-0.080311,708:18.7729-60.889-0.076902,709:17.2338-45.9011-0.075822,710:13.7485-39.3324-0.078358,711:15.5322-39.1262-0.084717,712:14.0005-37.502-0.093112,713:12.1533-38.7593-0.082405,714:11.9478-36.3291-0.077963,715:12.5051-41.2639-0.088346,716:13.3826-45.0588-0.103909,717:13.9826-47.8668-0.090554,718:14.3083-49.7823-0.092688,719:14.3583-51.0518-0.092072,720:15.5673-55.9564-0.086703,721:16.459-60.4056-0.092708,722:16.0961-44.2606-0.089239,723:12.7218-43.7824-0.078675,724:15.9392-42.0089-0.081417,725:18.321-47.5847-0.087204,726:15.2166-43.1005-0.090627,727:14.0558-41.1723-0.097568,728:13.547-43.463-0.107622,729:14.2937-41.4075-0.101909,730:14.1628-41.9133-0.092791,731:13.8335-43.056-0.116103,732:15.8617-58.3334-0.100973,733:19.5306-77.2895-0.110072,734:19.2834-62.6708-0.102857,735:18.3637-51.7271-0.098888,736:18.4672-45.643-0.104762,737:17.1662-37.6569-0.099901,738:16.0112-45.641-0.113354,739:16.0874-46.0478-0.110664,740:16.9331-42.107-0.094997,741:16.2012-41.1136-0.106012,742:15.2653-41.203-0.104559,743:16.7422-50.4684-0.11123,744:17.5494-61.9924-0.098606,745:17.9659-64.6486-0.108333,746:17.3911-50.381-0.099862,747:18.639-48.7502-0.114708,748:19.6957-49.9752-0.103235,749:18.9032-43.6032-0.744129,750:17.2101-44.903-0.098292,751:15.5295-41.587-0.107383,752:17.0245-42.3043-0.111482,753:20.4605-44.892-0.529411,754:17.0845-42.5515-0.115434,755:17.5753-43.6085-0.485757,756:17.9244-51.5565-0.109459,757:19.6251-45.6752-0.100669,758:18.3929-45.8105-0.095611,759:18.652-45.9489-0.104115,760:18.1779-43.124-0.094397,761:17.9879-43.8234-0.089667,762:17.0297-54.6681-0.186332,763:16.3676-47.271-0.113058,764:14.3249-41.8616-0.098771,765:13.3909-45.4178-0.195019,766:15.7149-47.5922-0.086497,767:17.7943-47.7087-0.274773,768:17.3425-50.0102-0.375673,769:16.486-54.0788-0.150597,770:16.8833-47.2317-0.072594,771:17.7523-47.4736-0.084799,772:16.6976-47.4066-0.50392,773:15.8967-42.4797-0.069192,774:15.3063-44.4797-0.060864,775:15.7163-46.2224-0.076835,776:16.4944-41.7141-0.070185,777:16.6008-45.6692-0.07154,778:15.1244-50.3691-0.081161,779:17.8088-46.4111-0.065875,780:16.9542-51.2438-0.078761,781:18.9929-51.2646-0.1526,782:19.2101-46.5973-0.259979,783:16.5839-43.3187-0.147927,784:19.2039-51.0787-0.14799,785:20.0116-47.7978-0.873631,786:20.7726-51.7676-0.8229,787:20.0839-50.7599-1.10372,788:18.6567-50.8524-1.06648,789:18.3493-43.4009-1.18366,790:18.8357-47.174-1.02944,791:19.6301-48.4957-0.865222,792:19.9558-49.5183-1.11321,793:19.9707-48.9248-1.16822,794:17.9593-48.718-0.881782,795:18.5982-42.5717-0.290419,796:18.3411-46.9704-0.855782,797:17.3298-40.1857-0.13834,798:18.9139-48.0065-0.14797,799:19.4468-55.9004-0.151464,800:21.5773-47.8614-0.561904,801:21.6913-50.8935-0.138812,802:21.7071-44.9293-2.8818,803:19.6336-45.1491-0.766387,804:21.3615-44.5146-0.278091,805:20.2759-49.618-1.11918,806:18.3985-46.5578-0.811391,807:19.029-57.2723-0.808905,808:19.8256-51.1834-0.867849,809:20.0718-50.9988-0.860175,810:19.1344-38.7791-0.832585,811:18.6299-51.7493-0.384845,812:20.5364-56.8962-0.814916,813:21.5299-57.1702-0.873411,814:22.1158-44.3081-1.85255,815:21.6136-50.4835-0.839383,816:21.8859-49.4431-0.805023,817:22.9344-57.7567-0.871387,818:22.6388-51.7134-0.867364,819:23.3745-62.3619-1.72777,820:22.0603-50.3582-4.74069,821:21.9551-55.7016-1.2638,822:21.7303-42.9917-1.17335,823:21.442-48.6725-0.125852,824:20.9774-45.6602-1.78893,825:18.0473-44.3599-0.103759,826:17.9086-49.6286-0.117912,827:20.0535-45.0384-0.119544,828:19.8626-48.1666-0.105792,829:19.4258-52.6028-0.103816,830:19.7174-57.8396-0.104442,831:20.784-53.1226-0.110862,832:21.3957-40.6705-0.107254,833:22.4839-45.4196-0.107718,834:20.9011-39.0831-3.17028,835:20.17-51.326-0.113269,836:20.6014-47.1953-0.117194,837:21.3416-55.3841-0.794353,838:21.1632-45.7988-0.106894,839:20.3302-48.7353-0.790792,840:21.855-53.5858-0.108087,841:23.1305-49.3699-0.122156,842:25.4708-56.6946-0.114977,843:23.7229-49.6294-2.21937,844:25.1712-57.2293-0.112801,845:27.4809-57.8601-4.98599,846:27.9397-60.4528-6.09512,847:27.2415-54.5779-2.69416,848:25.2141-52.435-3.14798,849:26.9134-48.1062-5.84627,850:26.4823-68.1612-6.14231,851:23.5359-69.8563-0.841186,852:23.0457-55.7371-3.96468,853:25.5144-59.7536-6.92851,854:25.0772-65.9575-2.10433,855:24.6888-64.4507-0.114082,856:25.2896-51.8346-5.66957,857:24.2948-59.5564-4.96409,858:23.3067-55.6338-4.126,859:24.1961-59.1454-4.90237,860:25.4229-56.2992-6.8434,861:23.3729-49.3801-4.28914,862:20.3275-52.6636-0.796423,863:20.2974-51.7321-0.226683,864:22.5408-53.4785-0.834369,865:22.7892-49.4358-5.60113,866:20.586-43.6211-1.87037,867:20.7877-60.069-1.79821,868:21.4287-53.041-2.69591,869:21.6966-50.2846-2.61378,870:20.7862-54.5451-3.7662,871:22.0479-47.2446-0.776037,872:21.9584-50.851-3.33936,873:21.8178-58.9736-1.93257,874:23.5021-60.84-4.35954,875:23.3202-55.7992-0.099037,876:24.4754-51.8561-4.12004,877:25.8913-57.3927-6.4227,878:27.2216-52.1837-8.828,879:27.1326-53.0268-9.4057,880:25.8944-60.7063-4.58344,881:25.668-54.692-1.73107,882:26.8147-65.6397-0.172537,883:27.9977-56.7129-8.79732,884:27.9486-58.149-2.18065,885:28.7484-63.4614-9.46971,886:28.3494-64.8154-8.75166,887:28.2844-69.8962-2.53387,888:30.6672-70.4147-6.9161,889:30.0362-66.0969-0.234529,890:30.2401-71.6354-0.107745,891:32.2439-71.2203-5.82991,892:34.7448-66.5746-5.92708,893:35.1096-66.9566-4.70688,894:33.7178-66.6522-3.42376,895:32.5802-72.9943-6.14977,896:33.9096-66.6779-10.7358,897:34.4741-67.0805-4.38206,898:35.2193-62.0894-3.91219,899:32.9265-67.9983-0.087094,900:33.1177-74.0919-2.6824,
latency distribution
34649,9503,4322,3010,2269,1962,1930,1977,1959,1854,1693,1501,1351,1115,1036,1031,1008,1038,975,967,970,998,977,901,876,815,808,769,745,709,622,565,534,450,395,366,314,286,284,285,215,207,165,146,122,120,91,97,76,71,60,53,46,44,25,26,27,27,23,22,18,6,10,8,14,7,9,4,2,4,6,2,2,3,1,0,3,2,1,2,1,0,2,2,0,1,0,0,1,0,1,1,0,0,0,1,1,0,0,0,0,0,1,0,0,0,0,0,0,0,0,0,0,0,0,0,0,0,0,0,0,0,0,0,0,0,0,0,0,0,0,0,0,0,0,0,0,0,0,0,0,0,0,0,0,0,0,0,0,0,0,0,0,0,0,0,0,0,0,0,0,0,0,0,0,0,0,0,0,0,0,0,0,0,0,0,0,0,0,0,0,0,0,0,0,0,0,0,0,0,0,0,0,0,0,0,0,0,0,0,0,0,0,0,0,0,0,0,0,0,0,0,0,0,0,0,0,0,0,0,0,0,0,0,0,0,0,0,0,0,0,0,0,0,0,0,0,0,0,0,0,0,0,0,0,0,0,0,0,0,0,0,0,0,0,0,0,0,0,0,0,0,0,0,0,0,0,0,0,0,0,0,0,0,0,0,0,0,0,0,0,0,0,0,0,0,0,0,0,0,0,0,0,0,0,0,0,0,0,0,0,0,0,0,0,0,0,0,0,0,0,0,0,0,0,0,0,0,0,0,0,0,0,0,0,0,0,0,0,0,0,0,0,0,0,0,0,0,0,0,0,0,0,0,0,0,0,0,0,0,0,0,0,0,0,0,0,0,0,0,0,0,0,0,0,0,0,0,0,0,0,0,0,0,0,0,0,0,0,0,0,0,0,0,0,0,0,0,0,0,0,0,0,0,0,0,0,0,0,0,0,0,0,0,0,0,0,0,0,0,0,0,0,0,0,0,0,0,0,0,0,0,0,0,0,0,0,0,0,0,0,0,0,0,0,0,0,0,0,0,0,0,0,0,0,0,0,0,0,0,0,0,0,0,0,0,0,0,0,0,0,0,0,0,0,0,0,0,0,0,0,0,0,0,0,0,0,0,0,0,0,0,0,0,0,0,0,0,0,0,0,0,0,0,0,0,0,0,0,0,0,0,0,0,0,0,0,0,0,0,0,0,0,0,0,0,0,0,0,0,0,0,0,0,0,0,0,0,0,0,0,0,0,0,0,0,0,0,0,0,0,0,0,0,0,0,0,0,0,0,0,0,0,0,0,0,0,0,0,0,0,0,0,0,0,0,0,0,0,0,0,0,0,0,0,0,0,0,0,0,0,0,0,0,0,0,0,0,0,0,0,0,0,0,0,0,0,0,0,0,0,0,0,0,0,0,0,0,0,0,0,0,0,0,0,0,0,0,0,0,0,0,0,0,0,0,0,0,0,0,0,0,0,0,0,0,0,0,0,0,0,0,0,0,0,0,0,0,0,0,0,0,0,0,0,0,0,0,0,0,0,0,0,0,0,0,0,0,0,0,0,0,0,0,0,0,0,0,0,0,0,0,0,0,0,0,0,0,0,0,0,0,0,0,0,0,0,0,0,0,0,0,0,0,0,0,0,0,0,0,0,0,0,0,0,0,0,0,0,0,0,0,0,0,0,0,0,0,0,0,0,0,0,0,0,0,0,0,0,0,0,0,0,0,0,0,0,0,0,0,0,0,0,0,0,0,0,0,0,0,0,0,0,0,0,0,0,0,0,0,0,0,0,0,0,0,0,0,0,0,0,0,0,0,0,0,0,0,0,0,0,0,0,0,0,0,0,0,0,0,0,0,0,0,0,0,0,0,0,0,0,0,0,0,0,0,0,0,0,0,0,0,0,0,0,0,0,0,0,0,0,0,0,0,0,0,0,0,0,0,0,0,0,0,0,0,0,0,0,0,0,0,0,0,0,0,0,0,0,0,0,0,0,0,0,0,0,0,0,0,0,0,0,0,0,0,0,0,0,0,0,0,0,0,0,0,0,0,0,0,0,0,0,0,0,0,0,0,0,0,0,0,0,0,0,0,0,0,0,0,0,0,0,0,0,0,0,0,0,0,0,0,0,0,0,0,0,0,0,0,0,0,0,0,0,0,0,0,0,0,0,0,0,0,0,0,0,0,0,0,0,0,0,0,0,0,0,0,0,0,0,0,0,0,0,0,0,0,0,0,0,0,0,0,0,0,0,0,0,0,0,0,0,0,0,0,0,0,0,0,0,0,0,0,0,0,0,0,0,0,
end_to_end time [ms]: 52033.6
migration_cost
0, 0, 0, 0, 0, 0, 0, 0, 0, 0, 0, 0, 0, 0, 0, 0, 0, 0, 0, 0, 0, 0, 0, 0, 0, 0, 0, 0, 0, 0, 0, 0, 0, 0, 0, 0, 0, 0, 0, 0, 0, 0, 0, 0, 0, 0, 0, 0, 0, 0, 0, 0, 0, 0, 0, 0, 0, 0, 0, 0, 0, 0, 0, 0, 0, 0, 0, 0, 0, 0, 0, 0, 0, 0, 0, 0, 0, 0, 0, 0, 0, 0, 0, 0, 0, 0, 0, 0, 0, 0, 0, 0, 0, 0, 0, 0, 0, 0, 0, 0, 0, 0, 0, 0, 0, 0, 0, 0, 0, 0, 0, 0, 0, 0, 0, 0, 0, 0, 0, 0, 0, 0, 0, 0, 0, 0, 0, 0, 0, 0, 0, 0, 0, 0, 0, 0, 0, 0, 0, 0, 0, 0, 0, 0, 0, 0, 0, 0, 0, 0, 0, 0, 0, 0, 0, 0, 0, 0, 0, 0, 0, 0, 0, 0, 0, 0, 0, 0, 0, 0, 0, 0, 0, 0, 0, 0, 0, 0, 0, 0, 0, 0, 0, 0, 0, 0, 0, 0, 0, 0, 0, 0, 0, 0, 0, 0, 0, 0, 0, 0, 0, 0, 0, 0, 0, 0, 0, 0, 0, 0, 0, 0, 0, 0, 0, 0, 0, 0, 0, 0, 0, 0, 0, 0, 0, 0, 0, 0, 0, 0, 0, 0, 0, 0, 0, 0, 0, 0, 0, 0, 0, 0, 0, 0, 0, 0, 0, 0, 0, 0, 0, 0, 0, 0, 0, 0, 0, 0, 0, 0, 0, 0, 0, 0, 0, 0, 0, 0, 0, 0, 0, 0, 0, 0, 0, 0, 0, 0, 0, 0, 0, 0, 0, 0, 0, 0, 0, 0, 0, 0, 0, 0, 0, 0, 0, 0, 0, 0, 0, 0, 0, 0, 0, 0, 0, 0, 0, 0, 0, 0, 0, 0, 0, 0, 0, 0, 0, 0, 0, 0, 0, 0, 0, 0, 0, 0, 0, 0, 0, 0, 0, 0, 0, 0, 0, 0, 0, 0, 0, 0, 0, 0, 0, 0, 0, 0, 0, 0, 0, 0, 0, 0, 0, 0, 0, 0, 0, 0, 0, 0, 0, 0, 0, 0, 0, 0, 0, 0, 0, 0, 0, 0, 0, 0, 0, 0, 0, 0, 0, 0, 0, 0, 0, 0, 0, 0, 0, 0, 0, 0, 0, 0, 0, 0, 0, 0, 0, 0, 0, 0, 0, 0, 0, 0, 0, 0, 0, 0, 0, 0, 0, 0, 0, 0, 0, 0, 0, 0, 0, 0, 0, 0, 0, 0, 0, 0, 0, 0, 0, 0, 0, 0, 0, 0, 0, 0, 0, 0, 0, 0, 0, 0, 0, 0, 0, 0, 0, 0, 0, 0, 0, 0, 0, 0, 0, 0, 0, 0, 0, 0, 0, 0, 0, 0, 0, 0, 0, 0, 0, 0, 0, 0, 0, 0, 0, 0, 0, 0, 0, 0, 0, 0, 0, 0, 0, 0, 0, 0, 0, 0, 0, 0, 0, 0, 0, 0, 0, 0, 0, 0, 0, 0, 0, 0, 0, 0, 0, 0, 0, 0, 0, 0, 0, 0, 0, 0, 0, 0, 0, 0, 0, 0, 0, 0, 0, 0, 0, 0, 0, 0, 0, 0, 0, 0, 0, 0, 0, 0, 0, 0, 0, 0, 0, 0, 0, 0, 0, 0, 0, 0, 0, 0, 0, 0, 0, 0, 0, 0, 0, 0, 0, 426705, 0, 0, 0, 0, 0, 0, 0, 0, 0, 0, 0, 0, 0, 0, 0, 0, 0, 0, 0, 0, 0, 0, 0, 0, 0, 0, 0, 0, 0, 0, 0, 0, 0, 0, 0, 0, 0, 0, 0, 0, 0, 0, 0, 0, 0, 0, 0, 0, 0, 0, 0, 0, 0, 0, 0, 0, 0, 0, 0, 0, 0, 0, 0, 0, 0, 0, 0, 0, 0, 0, 0, 0, 0, 0, 0, 0, 0, 0, 0, 0, 0, 0, 0, 0, 0, 0, 0, 0, 0, 0, 0, 0, 0, 0, 0, 102302, 392621, 266339, 0, 0, 0, 358438, 72090, 0, 0, 0, 0, 0, 0, 0, 0, 0, 0, 0, 47242, 208519, 247473, 0, 0, 139416, 47308, 0, 0, 0, 0, 0, 0, 0, 0, 0, 0, 0, 0, 0, 0, 0, 0, 0, 0, 0, 0, 0, 66373, 182225, 0, 0, 0, 0, 0, 0, 0, 0, 0, 0, 0, 0, 0, 0, 0, 0, 0, 0, 0, 0, 0, 0, 0, 0, 0, 0, 132399, 233614, 0, 124918, 143580, 343181, 126554, 79475, 85781, 233158, 355558, 0, 0, 311381, 302117, 233399, 286595, 191394, 37745, 75480, 203024, 83920, 180177, 148940, 281659, 263217, 120014, 398950, 240488, 263357, 119101, 821949, 216404, 309946, 244397, 180006, 239697, 189759, 358752, 430353, 253007, 519963, 280668, 426717, 151852, 320329, 419860, 161929, 293150, 386701, 180364, 162157, 256479, 88367, 121818, 179490, 298703, 121973, 188546, 160574, 282572, 24322, 107044, 320721, 315503, 238900, 311918, 249946, 104044, 103202, 329582, 353609, 379507, 256140, 325661, 303829, 514188, 236490, 466065, 302409, 220332, 87309, 206860, 214574, 217576, 336730, 331719, 441386, 339465, 136530, 243224, 338326, 293372, 1172334, 139077, 113465, 171421, 253107, 100343, 143316, 216603, 142566, 563200, 40148, 329425, 166002, 265876, 220336, 195539, 184838, 72132, 324535, 194946, 70782, 191388, 127822, 306383, 239663, 45695, 188840, 263521, 510928, 113493, 81334, 118107, 110777, 327909, 137745, 222312, 491088, 172239, 233978, 132876, 60161, 157563, 205982, 448642, 198039, 402045, 204173, 450788, 367706, 629616, 107978, 108553, 320391, 320975, 332008, 474285, 251287, 293184, 272484, 220561, 205384, 283207, 367985, 258346, 254926, 210507, 165225, 179248, 214189, 105432, 180070, 544410, 376809, 274503, 238237, 195775, 423493, 347896, 192627, 174705, 562494, 236710, 225009, 162241, 247865, 114425, 263035, 156304, 0, 0, 0, 0, 0, 0, 0, 0, 0, 0, 0, 0, 0, 0, 0, 0, 0, 0, 0, 0, 0, 0, 0, 0, 0, 0, 0, 0, 0, 0, 0, 0, 0, 0, 0, 0, 0, 0, 0, 0, 0, 0, 0, 0, 0, 0, 0, 0, 0, 0, 0, 0, 0, 0, 0, 0, 0, 0, 0, 0, 0, 0, 0, 0, 0, 0, 0, 0, 0, 0, 0, 0, 0, 0, 0, 0, 0, 0, 0, 0, 0, 0, 0, 0, 0, 0, 0, 0, 0, 0, 0, 0, 0, 0, 0, 0, 0, 0, 0, 0, 0, 0, 0, 0, 0, 0, 0, 0, 0, 0, 0, 0, 0, 0, 0, 0, 0, 0, 0, 0, 0, 0, 0, 0, 0, 0, 0, 0, 0, 0, 0, 0, 0, 0, 0, 0, 0, 0, 0, 0, 0, 0, 0, 0, 0, 0, 0, 0, 0, 0, 0, 0, 0, 0, 0, 0, 0, 0, 0, 0, 0, 0, 0, 0, 0, 0, 0, 0, 0, 0, 0, 0, 0, 0, 0, 0, 0, 0, 0, 0, 0, 0, 0, 0, 0, 0, 0, 0, 0, 0, 0, 0, 0, 0, 0, 0, 0, 0, 0, 0, 0, 0, 0, 0, 0, 0, 0, 0, 0, 0, 0, 0, 0, 0, 0, 0, 0, 0, 0, 0, 0, 0, 0, 0, 0, 0, 0, 0, 0, 0, 0, 0, 0, 0, 0, 0, 0, 0, 0, 0, 0, 0, 0, 0, 0, 0, 0, 0, 0, 0, 0, 0, 0, 0, 0, 0, 0, 0, 0, 0, 0, 0, 0, 0, 0, 0, 0, 0, 0, 0, 0, 0, 0, 0, 0, 0, 0, 0, 0, 0, 0, 0, 0, 0, 0, 0, 0, 0, 0, 0, 0, 0, 0, 0, 0, 0, 0, 0, 0, 0, 0, 0, 0, 0, 0, 0, 0, 0, 0, 0, 0, 0, 0, 0, 0, 0, 0, 0, 0, 0, 0, 0, 0, 0, 0, 0, 0, 0, 0, 0, 0, 0, 0, 0, 0, 0, 0, 0, 0, 0, 0, 0, 0, 0, 0, 0, 0, 0, 0, 0, 0, 0, 0, 0, 0, 0, 0, 0, 0, 0, 0, 0, 0, 0, 0, 0, 0, 0, 0, 0, 0, 0, 0, 0, 0, 0, 0, 0, 0, 0, 0, 0, 0, 0, 0, 0, 0, 0, 0, 0, 0, 0, 0, 0, 0, 0, 0, 0, 0, 0, 0, 0, 0, 0, 0, 0, 0, 0, 0, 0, 0, 0, 0, 0, 0, 0, 0, 0, 0, 0, 0, 0, 0, 0, 0, 0, 0, 0, 0, 0, 0, 0, 0, 0, 0, 0, 0, 0, 0, 0, 0, 0, 0, 0, 0, 0, 0, 0, 0, 0, 0, 0, 0, 0, 0, 0, 0, 0, 0, 0, 0, 0, 0, 0, 0, 0, 0, 0, 0, 0, 0, 0, 0, 0, 0, 0, 0, 0, 0, 0, 0, 0, 0, 0, 0, 0, 0, 0, 0, 0, 0, 0, 0, 0, 0, 0, 0, 0, 0, 0, 0, 0, 0, 0, 0, 0, 0, 0, 0, 0, 0, 0, 0, 0, 0, 0, 0, 0, 0, 0, 0, 0, 0, 0, 0, 0, 0, 0, 0, 0, 0, 0, 0, 0, 0, 0, 0, 0, 0, 0, 0, 0, 0, 0, 0, 0, 0, 0, 0, 0, 0, 0, 0, 0, 0, 0, 0, 0, 0, 0, 0, 0, 0, 0, 0, 0, 0, 0, 0, 0, 0, 0, 0, 0, 0, 0, 0, 0, 0, 0, 0, 0, 0, 0, 0, 0, 0, 0, 0, 0, 0, 0, 0, 0, 0, 0, 0, 0, 0, 0, 0, 0, 0, 0, 0, 0, 0, 0, 0, 0, 0, 0, 0, 0, 0, 0, 0, 0, 0, 0, 0, 0, 0, 0, 0, 0, 0, 0, 0, 0, 0, 0, 0, 0, 0, 0, 0, 0, 0, 0, 0, 0, 0, 0, 0, 0, 0, 0, 0, 0, 0, 0, 0, 0, 0, 0, 0, 0, 0, 0, 0, 0, 0, 0, 0, 0, 0, 0, 0, 0, 0, 0, 0, 0, 0, 0, 0, 0, 0, 0, 0, 0, 0, 0, 0, 0, 0, 0, 0, 0, 0, 0, 0, 0, 0, 0, 0, 0, 0, 0, 0, 0, 0, 0, 0, 0, 0, 0, 0, 0, 0, 0, 0, 0, 0, 0, 0, 0, 0, 0, 0, 0, 0, 0, 0, 0, 0, 0, 0, 0, 0, 0, 0, 0, 0, 0, 0, 0, 0, 0, 0, 0, 0, 0, 0, 0, 0, 0, 0, 0, 0, 0, 0, 0, 0, 0, 0, 0, 0, 0, 0, 0, 0, 0, 0, 0, 0, 0, 0, 0, 0, 0, 0, 0, 0, 0, 0, 0, 0, 0, 0, 0, 0, 0, 0, 0, 0, 0, 0, 0, 0, 0, 0, 0, 0, 0, 0, 0, 0, 0, 0, 0, 0, 0, 0, 0, 0, 0, 0, 0, 0, 0, 0, 0, 0, 0, 0, 0, 0, 0, 0, 0, 0, 0, 0, 0, 0, 0, 0, 0, 0, 0, 0, 0, 0, 0, 0, 0, 0, 0, 0, 0, 0, 0, 0, 0, 0, 0, 0, 0, 0, 0, 0, 0, 0, 0, 0, 0, 0, 0, 0, 0, 0, 0, 0, 0, 0, 0, 0, 0, 0, 0, 0, 0, 0, 0, 0, 0, 0, 0, 0, 0, 0, 0, 0, 0, 0,
compute_cost
537856337, 531855267, 532170479, 532700286, 532585722, 533324588, 531814686, 531338852, 531421474, 531541228, 531280662, 531485265, 531370382, 531444679, 531358450, 530589868, 530626971, 530923467, 530824198, 531482858, 531491719, 531347222, 531830111, 531582612, 531472667, 531825876, 531918224, 531938232, 533262635, 532111374, 532038075, 531890760, 531884888, 533185278, 532654633, 532304179, 532542113, 533300379, 532483945, 532445634, 532364920, 532380466, 532905525, 532272053, 532497976, 532284036, 532197248, 532942957, 532460686, 532589838, 532531423, 533368801, 532888334, 532865178, 532932027, 532800963, 533638370, 532901439, 532882479, 532536035, 532614542, 533496475, 532914124, 532835827, 532707689, 534206562, 533973781, 533656248, 533736137, 533749433, 534447214, 534187088, 533880259, 534100554, 535204696, 534686804, 533036749, 534239550, 534073653, 535100421, 534623480, 534744003, 534320357, 534492173, 535290582, 535228376, 534935878, 534643237, 535442286, 535035536, 535114044, 534747909, 535204997, 535264313, 535310937, 535131538, 534824822, 535774992, 535448673, 535282705, 535081386, 535067494, 536334406, 535812437, 535485247, 535392678, 535113783, 536399811, 535701236, 535561537, 535404051, 536577547, 536138654, 536581565, 536105690, 535825894, 537064952, 537073401, 536884055, 536658133, 536266835, 537486513, 537851029, 537153548, 537352564, 538500744, 537709859, 536343676, 536102952, 535759667, 536798756, 536326478, 536200762, 536003647, 537003708, 536684635, 536420282, 536303109, 536091427, 537611571, 536639685, 535570875, 536646470, 535987567, 537517461, 537284284, 537279825, 536681163, 538017053, 537700582, 537989593, 537498154, 537402572, 538376247, 537829884, 538423064, 538319423, 539251541, 539348334, 538802457, 538866179, 538530072, 540175525, 539579707, 539400706, 539175297, 539312268, 540401002, 540025512, 540097915, 540232955, 541006300, 541146914, 540526780, 540650557, 540604728, 541682399, 541403591, 540838602, 540856324, 540646249, 542487369, 542067195, 541859037, 541153231, 542920683, 542330629, 541731236, 541660648, 541033921, 542159832, 542359669, 542076917, 542036504, 543283288, 543062832, 542598277, 542428640, 542039186, 543700892, 543364821, 542934241, 542538866, 542207396, 543912825, 543528516, 543045191, 542833918, 544715342, 544327221, 544170595, 543905211, 543655127, 545619109, 545085928, 544851177, 544154505, 546795126, 546829670, 546512974, 545986371, 545704685, 548009829, 547325584, 546594764, 546537732, 545837228, 547880011, 547710093, 547673646, 546934996, 549389339, 548905016, 548612140, 547855263, 547239749, 549573530, 549250121, 548767580, 547803519, 547740248, 549791406, 549430374, 549005796, 548582422, 551024665, 550730461, 549935774, 549819330, 549156370, 551477262, 551201627, 550783899, 550128839, 553162736, 552185542, 551850425, 551252866, 550664239, 552933080, 552845646, 552212837, 551540972, 551444455, 554100624, 553644673, 553788383, 552549827, 555347302, 555084764, 554558531, 553933902, 553440591, 556628466, 556010184, 555569378, 554760425, 558213372, 557518489, 556935908, 556208083, 555395538, 558621174, 558049245, 557408283, 556207987, 556446562, 559199601, 558688984, 558448072, 557370524, 561514184, 560702569, 560024697, 559104541, 558583782, 561983874, 561025791, 560056932, 559309685, 558683997, 562213534, 561589323, 560888968, 560071651, 563930351, 562980562, 562220037, 561531947, 560974750, 564400239, 562793810, 563400636, 562890737, 566866494, 566491150, 565385323, 564525915, 563636324, 567016311, 566893038, 566049831, 565393749, 563804835, 568286344, 567097970, 566581345, 565632423, 569890233, 569292973, 568116905, 566836236, 565930312, 570520805, 569373773, 568985466, 568236414, 573371115, 572230429, 571669779, 570013436, 568251702, 572990064, 572435857, 572275119, 571069347, 570353470, 576165434, 574549611, 573136150, 572510017, 577900858, 576893355, 575604773, 574493093, 573455073, 578660865, 576449694, 576257749, 575217387, 574348601, 579525092, 578707685, 577291543, 575602429, 581654212, 580809559, 578855396, 578994175, 576422538, 582281136, 580645236, 580583430, 578858144, 585071891, 583954516, 582215782, 580442146, 580416153, 585849724, 584929813, 583874684, 582502645, 580770075, 586707423, 585839148, 584870844, 582587909, 589052338, 587670434, 586396149, 584921526, 583197816, 591108365, 589610350, 587726921, 585965060, 592469364, 591375087, 590322733, 588611858, 586733985, 592795171, 592460355, 591182111, 589920387, 588588146, 595762620, 594070286, 592691263, 590967577, 598384581, 597021949, 595244804, 594192499, 591749162, 599443699, 597962134, 596444589, 594356687, 592972386, 601042359, 598738155, 597070144, 595483555, 603546627, 601355675, 600002702, 598279199, 596340185, 604896711, 603293461, 601461732, 599916064, 608326854, 607034862, 604183932, 602634235, 600787466, 610352454, 607717431, 605705314, 603869926, 602192844, 611167414, 609227518, 606931191, 605327920, 614148370, 612238144, 609806376, 608309117, 606382786, 614927404, 613617166, 611572204, 610180573, 618903000, 617413319, 615360408, 614146435, 611804145, 621223481, 619051784, 617155587, 615024506, 613362406, 623413089, 620691490, 618134520, 616259551, 625413987, 623383249, 621917735, 620132217, 617691928, 627675054, 625525246, 623010829, 620503659, 618439013, 628539326, 625829242, 623971560, 621709197, 632182077, 629699984, 627414827, 625069574, 622249218, 632713836, 631707843, 628932978, 627060160, 637488913, 635179652, 632349602, 630141922, 627708169, 639501915, 637859783, 635415540, 631116931, 628173719, 639744137, 637458452, 635113972, 631943701, 644909940, 642014255, 639272314, 636206201, 634068502, 646470411, 642859804, 640659314, 637327093, 649110136, 646950625, 644307489, 641541123, 640693428, 651881800, 648534177, 645781359, 642849704, 640715920, 653440914, 649971346, 648449548, 646723643, 654081695, 658094169, 651496623, 647104683, 644202638, 656105858, 654888733, 649408816, 649242123, 644629942, 657072538, 656182360, 654107756, 651857574, 660274244, 661137533, 660388848, 656406720, 650797716, 662451336, 663401595, 659109555, 657354668, 661388009, 668203566, 661719884, 663553816, 657715220, 666826156, 662552082, 703874461, 663463504, 657458658, 671721661, 668017430, 664623796, 660492080, 674176569, 671431892, 667029063, 664396739, 660408621, 675412720, 671619013, 668675107, 665910497, 678194625, 678211189, 675168886, 671058125, 667764469, 681753017, 677731047, 677283696, 671752734, 672060741, 683135180, 681704542, 677645296, 672233907, 689055399, 683509025, 680587537, 676040480, 674961032, 687218904, 685992972, 679927129, 678271036, 673993886, 687972290, 685523262, 679989183, 678157695, 692963773, 687306027, 685748540, 679409037, 679606503, 691441628, 689078043, 685186550, 679714089, 696349686, 693861793, 691272980, 684811880, 682757032, 695668320, 695745009, 689751903, 687800431, 684557907, 697702561, 694411846, 694075921, 689712682, 702373442, 700608594, 696426543, 694257698, 687703227, 704259262, 702676570, 696612066, 696623824, 706877649, 706640663, 701071384, 700784984, 694007426, 707266496, 712697883, 702173740, 698197209, 698401513, 709277672, 709466530, 701478235, 699264741, 718308921, 710653798, 708036101, 703855587, 701320165, 717062569, 711240841, 727448645, 734275826, 714971239, 720362444, 712406279, 744688478, 729618828, 743400596, 724786003, 718373096, 713433525, 709624787, 728572712, 722413323, 717570771, 715902945, 728055691, 727926179, 727772441, 717139219, 743280692, 730272236, 724957196, 731252496, 713442598, 723506270, 740358016, 733035361, 727668537, 721553418, 737896642, 735877319, 732897674, 726249632, 723470341, 737855280, 736759217, 731389629, 727329937, 739563256, 738774758, 737912157, 733775456, 725184564, 741944552, 740580459, 742752469, 737188186, 733053555, 746306126, 746923839, 739317238, 730376105, 746574230, 747222329, 742608233, 735451923, 729318860, 744960579, 748679408, 744328922, 736231909, 730584561, 742826607, 751098108, 743586673, 736252178, 745501353, 752814151, 745905894, 739221441, 738207885, 745723797, 755457719, 740639510, 733265089, 748386161, 747272767, 758034932, 753731469, 748569507, 739386528, 758520504, 755510807, 751483073, 747197124, 741515668, 748536773, 743989612, 769706460, 754869419, 774162844, 749328079, 754492515, 755301675, 748471584, 771827778, 754674416, 748484211, 760763947, 760526727, 763570022, 781018956, 747115175, 761201531, 769718648, 759147001, 765574736, 752442072, 749670454, 763946062, 772131878, 759383698, 762899232, 772578021, 760596522, 765948438, 755242003, 751698140, 767817413, 760360122, 771256835, 759332632, 764985371, 766040573, 778008308, 762555909, 774392549, 771401710, 763300445, 779036253, 767674031, 765229039, 779379928, 773634733, 775973305, 758839628, 766997314, 770953186, 777169802, 772788009, 778429793, 780491998, 779023636, 757439505, 774300913, 764591243, 770077812, 773000514, 779829057, 771310427, 780754992, 778223569, 776563181, 784083528, 772188479, 792135733, 770571459, 786395527, 765117554, 777022103, 775540455, 775179351, 779515339, 782115678, 775180074, 784309438, 781576785, 785462468, 782305105, 786239125, 772270204, 792697212, 775555415, 775233977, 780865856, 786734938, 782689624, 761337368, 784956629, 778530118, 779147305, 785336652, 785257127, 777236764, 786636852, 780583466, 775607586, 786968628, 784146484, 784785765, 785499985, 778727827, 783998759, 780337160, 772213461, 784670030, 781902491, 787430818, 784788926, 777989418, 777324465, 789379112, 783213658, 783629813, 783690810, 779314231, 785186667, 791364375, 777005641, 777708516, 776859324, 782516171, 787245436, 782317907, 786373397, 774206734, 788478624, 782955420, 787862354, 785787904, 787643985, 779974958, 788797543, 783605874, 788206523, 779726800, 789728742, 781516465, 781611350, 785065911, 784759877, 783072428, 787187949, 785759006, 784884731, 787297625, 783913310, 780308158, 790841623, 782115544, 787891193, 782440510, 779673364, 788601750, 786383465, 780715368, 787051592, 787833758, 784881302, 785943310, 783667569, 787796569, 777882993, 714831559, 535153251, 530447701, 530625495, 530534353, 530463372, 530233264, 529337575, 530204693, 530174767, 530337129, 530187406, 530184084, 52023260, 0, 0, 0, 0, 0, 0, 0, 0, 0, 0, 0, 0, 0, 0, 0, 0, 0, 0, 0, 0, 0, 0, 0, 0, 0, 0, 0, 0, 0, 0, 0, 0, 0, 0, 0, 0, 0, 0, 0, 0, 0, 0, 0, 0, 0, 0, 0, 0, 0, 0, 0, 0, 0, 0, 0, 0, 0, 0, 0, 0, 0, 0, 0, 0, 0, 0, 0, 0, 0, 0, 0, 0, 0, 0, 0, 0, 0, 0, 0, 0, 0, 0, 0, 0, 0, 0, 0, 0, 0, 0, 0, 0, 0, 0, 0, 0, 0, 0, 0, 0, 0, 0, 0, 0, 0, 0, 0, 0, 0, 0, 0, 0, 0, 0, 0, 0, 0, 0, 0, 0, 0, 0, 0, 0, 0, 0, 0, 0, 0, 0, 0, 0, 0, 0, 0, 0, 0, 0, 0, 0, 0, 0, 0, 0, 0, 0, 0, 0, 0, 0, 0, 0, 0, 0, 0, 0, 0, 0, 0, 0, 0, 0, 0, 0, 0, 0, 0, 0, 0, 0, 0, 0, 0, 0, 0, 0, 0, 0, 0, 0, 0, 0, 0, 0, 0, 0, 0, 0, 0, 0, 0, 0, 0, 0, 0, 0, 0, 0, 0, 0, 0, 0, 0, 0, 0, 0, 0, 0, 0, 0, 0, 0, 0, 0, 0, 0, 0, 0, 0, 0, 0, 0, 0, 0, 0, 0, 0, 0, 0, 0, 0, 0, 0, 0, 0, 0, 0, 0, 0, 0, 0, 0, 0, 0, 0, 0, 0, 0, 0, 0, 0, 0, 0, 0, 0, 0, 0, 0, 0, 0, 0, 0, 0, 0, 0, 0, 0, 0, 0, 0, 0, 0, 0, 0, 0, 0, 0, 0, 0, 0, 0, 0, 0, 0, 0, 0, 0, 0, 0, 0, 0, 0, 0, 0, 0, 0, 0, 0, 0, 0, 0, 0, 0, 0, 0, 0, 0, 0, 0, 0, 0, 0, 0, 0, 0, 0, 0, 0, 0, 0, 0, 0, 0, 0, 0, 0, 0, 0, 0, 0, 0, 0, 0, 0, 0, 0, 0, 0, 0, 0, 0, 0, 0, 0, 0, 0, 0, 0, 0, 0, 0, 0, 0, 0, 0, 0, 0, 0, 0, 0, 0, 0, 0, 0, 0, 0, 0, 0, 0, 0, 0, 0, 0, 0, 0, 0, 0, 0, 0, 0, 0, 0, 0, 0, 0, 0, 0, 0, 0, 0, 0, 0, 0, 0, 0, 0, 0, 0, 0, 0, 0, 0, 0, 0, 0, 0, 0, 0, 0, 0, 0, 0, 0, 0, 0, 0, 0, 0, 0, 0, 0, 0, 0, 0, 0, 0, 0, 0, 0, 0, 0, 0, 0, 0, 0, 0, 0, 0, 0, 0, 0, 0, 0, 0, 0, 0, 0, 0, 0, 0, 0, 0, 0, 0, 0, 0, 0, 0, 0, 0, 0, 0, 0, 0, 0, 0, 0, 0, 0, 0, 0, 0, 0, 0, 0, 0, 0, 0, 0, 0, 0, 0, 0, 0, 0, 0, 0, 0, 0, 0, 0, 0, 0, 0, 0, 0, 0, 0, 0, 0, 0, 0, 0, 0, 0, 0, 0, 0, 0, 0, 0, 0, 0, 0, 0, 0, 0, 0, 0, 0, 0, 0, 0, 0, 0, 0, 0, 0, 0, 0, 0, 0, 0, 0, 0, 0, 0, 0, 0, 0, 0, 0, 0, 0, 0, 0, 0, 0, 0, 0, 0, 0, 0, 0, 0, 0, 0, 0, 0, 0, 0, 0, 0, 0, 0, 0, 0, 0, 0, 0, 0, 0, 0, 0, 0, 0, 0, 0, 0, 0, 0, 0, 0, 0, 0, 0, 0, 0, 0, 0, 0, 0, 0, 0, 0, 0, 0, 0, 0, 0, 0, 0, 0, 0, 0, 0, 0, 0, 0, 0, 0, 0, 0, 0, 0, 0, 0, 0, 0, 0, 0, 0, 0, 0, 0, 0, 0, 0, 0, 0, 0, 0, 0, 0, 0, 0, 0, 0, 0, 0, 0, 0, 0, 0, 0, 0, 0, 0, 0, 0, 0, 0, 0, 0, 0, 0, 0, 0, 0, 0, 0, 0, 0, 0, 0, 0, 0, 0, 0, 0, 0, 0, 0, 0, 0, 0, 0, 0, 0, 0, 0, 0, 0, 0, 0, 0, 0, 0, 0, 0, 0, 0, 0, 0, 0, 0, 0, 0, 0, 0, 0, 0, 0, 0, 0, 0, 0, 0, 0, 0, 0, 0, 0, 0, 0, 0, 0, 0, 0, 0, 0, 0, 0, 0, 0, 0, 0, 0, 0, 0, 0, 0, 0, 0, 0, 0, 0, 0, 0, 0, 0, 0, 0, 0, 0, 0, 0, 0, 0, 0, 0, 0, 0, 0, 0, 0, 0, 0, 0, 0, 0, 0, 0, 0, 0, 0, 0, 0, 0, 0, 0, 0, 0, 0, 0, 0, 0, 0, 0, 0, 0, 0, 0, 0, 0, 0, 0, 0, 0, 0, 0, 0, 0, 0, 0, 0, 0, 0, 0, 0, 0, 0, 0, 0, 0, 0, 0, 0, 0, 0, 0, 0, 0, 0, 0, 0, 0, 0, 0, 0, 0, 0, 0, 0, 0, 0, 0, 0, 0, 0, 0, 0, 0, 0, 0, 0, 0, 0, 0, 0, 0, 0, 0, 0, 0, 0, 0, 0, 0, 0, 0, 0, 0, 0, 0, 0, 0, 0, 0, 0, 0, 0, 0, 0, 0, 0, 0, 0, 0, 0, 0, 0, 0, 0,
monitoring_cost
35638793, 35656130, 35704680, 35662218, 35650880, 35667568, 29464101, 29465066, 29376097, 29362669, 29349565, 29381508, 29346356, 29342057, 29351916, 29373074, 29353590, 29369487, 29374440, 29381542, 29382533, 29352225, 29331443, 29359246, 29338958, 29340370, 29356068, 29340405, 29326407, 29368922, 29372591, 29344411, 29345683, 29352917, 29366615, 29353506, 29370032, 29347690, 29345708, 29330799, 29366969, 29358108, 29343124, 29360186, 29365485, 29346038, 29325389, 29347619, 29351351, 29340346, 29368081, 29368013, 29364022, 29366320, 29353102, 29333998, 29349341, 29359538, 29377835, 29332631, 29355458, 29360054, 29365558, 29358356, 29349003, 29370595, 29369729, 29346958, 29348168, 29375061, 29348564, 29343214, 29366055, 29360885, 29350120, 29354101, 29377587, 29344651, 29333066, 29350391, 29355563, 29357478, 29379057, 29326078, 29371406, 29360879, 29350235, 29342992, 29349481, 29377030, 29400848, 29363829, 29368407, 29372275, 29376187, 29368569, 29365031, 29332540, 29349761, 29356776, 29369885, 29358914, 29362277, 29357349, 29339379, 29369036, 29364948, 29341726, 29345944, 29360876, 29374478, 29323346, 29353720, 29363476, 29320825, 29352061, 29358818, 29352007, 29346495, 29362703, 29368439, 29348365, 29356574, 29353634, 29369975, 29372970, 29338501, 29354648, 29366585, 29356028, 29351989, 29346688, 29324684, 29309317, 29350662, 29365405, 29344640, 29363330, 29345456, 29343993, 29379132, 29343816, 29358757, 29364084, 29339552, 29355735, 29367055, 29352621, 29329055, 29354143, 29359732, 29388412, 29371058, 29345318, 29374112, 29350962, 29377232, 29383218, 29377558, 29363092, 29362719, 29351443, 29344566, 29349561, 29346742, 29364647, 29364194, 29346186, 29356505, 29350088, 29343282, 29365561, 29355430, 29348965, 29378115, 29352522, 29339249, 29357484, 29363630, 29366904, 29373842, 29354485, 29364300, 29356881, 29370998, 29356791, 29371067, 29350134, 29367001, 29340268, 29376600, 29362023, 29375601, 29360729, 29349875, 29344444, 29353686, 29358003, 29380664, 29377484, 29382616, 29368554, 29356704, 29365111, 29368621, 29361721, 29383347, 29355694, 29354070, 29358840, 29355702, 29354752, 29345836, 29348238, 29389718, 29377736, 29375557, 29368646, 29384789, 29379234, 29370334, 29372635, 29360706, 29358071, 29369517, 29356619, 29368734, 29374119, 29362427, 29363394, 29366235, 29377833, 29356655, 29359139, 29358308, 29359105, 29348066, 29439389, 29373182, 29365990, 29323625, 29356351, 29375308, 29360126, 29351708, 29344527, 29337031, 29333960, 29344779, 29355116, 29328575, 29333211, 29335850, 29354933, 29372381, 29339109, 29350252, 29359357, 29381770, 29602809, 29344247, 29338330, 29365788, 29348773, 29351033, 29368138, 29343599, 29356800, 29339464, 29347512, 29375514, 29359884, 29369450, 29359806, 29379848, 29367905, 29385218, 29371861, 29364036, 29334839, 29352926, 29381730, 29342959, 29325390, 29352944, 29381641, 29354734, 29321018, 29342736, 29362569, 29348793, 29359215, 29374548, 29358054, 29344751, 29376332, 29346191, 29356746, 29400945, 29361090, 29354709, 29344071, 29360065, 29367751, 29403031, 29387107, 29387024, 29372729, 29384353, 29378849, 29340942, 29372339, 29355756, 29361498, 29383033, 35617507, 35690579, 35659329, 35702879, 29398799, 35636152, 35665956, 35669133, 35692116, 29395264, 35641159, 35667561, 35660146, 29412907, 35641190, 35655874, 35690451, 35652516, 35701957, 35629216, 35708047, 35643569, 35670321, 35695230, 35681231, 35642736, 35670614, 35699204, 35661504, 35688409, 35659642, 35655469, 35681927, 35690951, 35653363, 35673975, 35650294, 35686997, 35690646, 35641059, 35684554, 35667515, 35675527, 35678671, 35675932, 35694816, 35635124, 35679563, 35694442, 35646850, 35702892, 35668526, 35672643, 35663097, 35677351, 35682108, 35648028, 35690894, 35656700, 35674517, 35659447, 35707231, 35663664, 35681356, 35671335, 35641315, 35692211, 35687131, 35667670, 35647068, 35696746, 35642119, 35698061, 35663175, 35665319, 35701829, 35651501, 35679122, 35691053, 35648929, 35682289, 35689711, 35648003, 35659801, 35680209, 35683662, 35694042, 35657191, 35651540, 35699851, 35681993, 35657322, 35646313, 35712611, 35670924, 35634680, 35704482, 35664628, 35634269, 35669040, 35694783, 35684994, 35633461, 35708481, 35647766, 35686619, 35667886, 35670344, 35663305, 35661782, 35692163, 35682080, 35653780, 35676418, 35678683, 35679570, 35668564, 35662346, 35653601, 35669151, 35705673, 35659049, 35663018, 35695328, 35661961, 35661645, 35699384, 35666556, 35671885, 35647225, 35695421, 35657438, 35664140, 35713777, 35634619, 35702386, 35650156, 35669848, 35678449, 35668568, 35699487, 35650597, 35686622, 35667413, 35667152, 35688750, 35652291, 35673266, 35682296, 35684057, 35659857, 35695020, 35676494, 35680939, 35679448, 35663741, 35687644, 35676301, 35672821, 35636808, 35711808, 35670168, 35672917, 35669649, 35686089, 35640376, 35705947, 35663202, 35662510, 35658989, 35667793, 35675960, 35662086, 35695372, 35671126, 35671524, 35661571, 35713037, 35654780, 35684241, 35675626, 35678250, 35678613, 35642174, 35684915, 35652462, 35708108, 35649174, 35700864, 35659488, 35693932, 35673972, 35674885, 35663954, 35677265, 35683032, 35643073, 35685486, 35677442, 35671938, 35695934, 35665268, 35677730, 35666416, 35666305, 35678377, 35708032, 35638706, 35682971, 35673612, 35657707, 35681118, 35702224, 35651512, 35691748, 35640977, 35695552, 35668805, 35674068, 35661327, 35693525, 35664473, 35692611, 35689594, 35678850, 35650689, 35695244, 35661894, 35654496, 35700001, 35671903, 35653387, 35695247, 35666475, 35693469, 35639287, 35707861, 35663283, 35664423, 35694090, 35648978, 35680395, 35704174, 35654624, 35663951, 35662345, 214371, 30799142, 35692963, 35674943, 35666549, 35681606, 35652026, 35686259, 35663482, 35693199, 35679610, 35663787, 35648779, 35678431, 35673896, 35684390, 35686692, 35650326, 35698850, 35643074, 35694032, 35667981, 35659405, 35672673, 35676340, 35699997, 35660398, 35659372, 35676129, 35691103, 35686394, 35672096, 35664308, 35665685, 35696579, 35648231, 35687102, 35667577, 35666111, 35673577, 35677411, 35674678, 35687892, 35648811, 35706055, 35672533, 35673764, 35660349, 35683180, 35677976, 35641291, 35673003, 35665626, 35697991, 35676675, 35661984, 35687416, 35667122, 35688005, 35652023, 35686141, 35677938, 35650687, 35669880, 35685358, 35666696, 35694453, 35649886, 35696119, 35676770, 35665149, 35666247, 35661612, 35706023, 35679432, 35668759, 35672256, 35671185, 35680177, 35649012, 35671609, 35691768, 35669793, 35668474, 35661516, 35680825, 35675373, 35699818, 35671892, 35649195, 35695486, 35683830, 35655669, 35693536, 35665508, 35674239, 31538457, 213265, 4819321, 35666331, 35706023, 35629623, 6777089, 14284817, 35687252, 35669282, 35671678, 35687823, 35662228, 35656006, 35659017, 35692231, 35686519, 35671480, 35692184, 29633310, 1422098, 5495026, 35707578, 35644561, 4396101, 16650966, 35645198, 35698793, 35666868, 35663704, 35688602, 35678893, 35666540, 35689703, 35647164, 35676402, 35679502, 35691182, 35694985, 35663158, 35671603, 35650032, 35708190, 35683809, 35659511, 35654778, 35681045, 27570790, 13542032, 35669020, 35683020, 35672608, 35702279, 35662453, 35663027, 35684969, 35701293, 35644889, 35689573, 35685074, 35668749, 35663279, 35677584, 35675682, 35692732, 35655393, 35691936, 35658003, 35656269, 35700261, 35655709, 35671708, 35701213, 35659854, 35672421, 25556396, 25602547, 35649775, 29754166, 273120, 204468, 273955, 7089644, 32133291, 206707, 4286304, 35645926, 35694247, 6303673, 276765, 200410, 7262147, 281129, 205515, 274559, 206716, 4409885, 19711865, 269641, 208808, 6529712, 2204049, 279843, 202612, 269532, 1515731, 291095, 205792, 269054, 194073, 268165, 200357, 265152, 202413, 276299, 201457, 274941, 209579, 271286, 744506, 25338753, 206437, 280623, 207344, 269725, 205724, 278749, 214994, 495842, 210658, 282495, 213124, 290692, 205049, 291772, 214291, 289499, 207801, 294765, 2527698, 284019, 220287, 283049, 209359, 1573605, 283665, 205802, 289300, 207769, 300806, 278132, 220201, 286261, 215725, 287107, 212175, 5044156, 218688, 287057, 215150, 281725, 216627, 752134, 2141889, 4583247, 220209, 288233, 739745, 1013481, 2247430, 223546, 280740, 3686238, 223869, 280682, 221159, 1326762, 275788, 1168519, 289867, 1257250, 287555, 7027779, 283130, 217109, 5677055, 220785, 277267, 214537, 3597015, 842184, 2622483, 214585, 273387, 1470267, 213120, 282122, 4653034, 3397124, 7142894, 216868, 289084, 9704305, 213774, 282436, 215675, 285511, 215751, 1503636, 1100113, 218550, 282558, 210807, 286202, 841012, 288263, 216851, 283984, 2033556, 286131, 207828, 287056, 211923, 282910, 206070, 286613, 572704, 2726779, 276678, 211943, 281289, 2143846, 9853166, 7179133, 2695607, 8689882, 4474271, 210881, 2717718, 286706, 477842, 278678, 7121222, 1827249, 290392, 4698714, 205636, 702397, 1804884, 329735, 7261321, 5848478, 10157960, 10054462, 296651, 187400, 7784518, 19208766, 19160394, 19237328, 19140355, 19175147, 19175336, 19194490, 19206701, 19212471, 19189920, 19167760, 2137239, 0, 0, 0, 0, 0, 0, 0, 0, 0, 0, 0, 0, 0, 0, 0, 0, 0, 0, 0, 0, 0, 0, 0, 0, 0, 0, 0, 0, 0, 0, 0, 0, 0, 0, 0, 0, 0, 0, 0, 0, 0, 0, 0, 0, 0, 0, 0, 0, 0, 0, 0, 0, 0, 0, 0, 0, 0, 0, 0, 0, 0, 0, 0, 0, 0, 0, 0, 0, 0, 0, 0, 0, 0, 0, 0, 0, 0, 0, 0, 0, 0, 0, 0, 0, 0, 0, 0, 0, 0, 0, 0, 0, 0, 0, 0, 0, 0, 0, 0, 0, 0, 0, 0, 0, 0, 0, 0, 0, 0, 0, 0, 0, 0, 0, 0, 0, 0, 0, 0, 0, 0, 0, 0, 0, 0, 0, 0, 0, 0, 0, 0, 0, 0, 0, 0, 0, 0, 0, 0, 0, 0, 0, 0, 0, 0, 0, 0, 0, 0, 0, 0, 0, 0, 0, 0, 0, 0, 0, 0, 0, 0, 0, 0, 0, 0, 0, 0, 0, 0, 0, 0, 0, 0, 0, 0, 0, 0, 0, 0, 0, 0, 0, 0, 0, 0, 0, 0, 0, 0, 0, 0, 0, 0, 0, 0, 0, 0, 0, 0, 0, 0, 0, 0, 0, 0, 0, 0, 0, 0, 0, 0, 0, 0, 0, 0, 0, 0, 0, 0, 0, 0, 0, 0, 0, 0, 0, 0, 0, 0, 0, 0, 0, 0, 0, 0, 0, 0, 0, 0, 0, 0, 0, 0, 0, 0, 0, 0, 0, 0, 0, 0, 0, 0, 0, 0, 0, 0, 0, 0, 0, 0, 0, 0, 0, 0, 0, 0, 0, 0, 0, 0, 0, 0, 0, 0, 0, 0, 0, 0, 0, 0, 0, 0, 0, 0, 0, 0, 0, 0, 0, 0, 0, 0, 0, 0, 0, 0, 0, 0, 0, 0, 0, 0, 0, 0, 0, 0, 0, 0, 0, 0, 0, 0, 0, 0, 0, 0, 0, 0, 0, 0, 0, 0, 0, 0, 0, 0, 0, 0, 0, 0, 0, 0, 0, 0, 0, 0, 0, 0, 0, 0, 0, 0, 0, 0, 0, 0, 0, 0, 0, 0, 0, 0, 0, 0, 0, 0, 0, 0, 0, 0, 0, 0, 0, 0, 0, 0, 0, 0, 0, 0, 0, 0, 0, 0, 0, 0, 0, 0, 0, 0, 0, 0, 0, 0, 0, 0, 0, 0, 0, 0, 0, 0, 0, 0, 0, 0, 0, 0, 0, 0, 0, 0, 0, 0, 0, 0, 0, 0, 0, 0, 0, 0, 0, 0, 0, 0, 0, 0, 0, 0, 0, 0, 0, 0, 0, 0, 0, 0, 0, 0, 0, 0, 0, 0, 0, 0, 0, 0, 0, 0, 0, 0, 0, 0, 0, 0, 0, 0, 0, 0, 0, 0, 0, 0, 0, 0, 0, 0, 0, 0, 0, 0, 0, 0, 0, 0, 0, 0, 0, 0, 0, 0, 0, 0, 0, 0, 0, 0, 0, 0, 0, 0, 0, 0, 0, 0, 0, 0, 0, 0, 0, 0, 0, 0, 0, 0, 0, 0, 0, 0, 0, 0, 0, 0, 0, 0, 0, 0, 0, 0, 0, 0, 0, 0, 0, 0, 0, 0, 0, 0, 0, 0, 0, 0, 0, 0, 0, 0, 0, 0, 0, 0, 0, 0, 0, 0, 0, 0, 0, 0, 0, 0, 0, 0, 0, 0, 0, 0, 0, 0, 0, 0, 0, 0, 0, 0, 0, 0, 0, 0, 0, 0, 0, 0, 0, 0, 0, 0, 0, 0, 0, 0, 0, 0, 0, 0, 0, 0, 0, 0, 0, 0, 0, 0, 0, 0, 0, 0, 0, 0, 0, 0, 0, 0, 0, 0, 0, 0, 0, 0, 0, 0, 0, 0, 0, 0, 0, 0, 0, 0, 0, 0, 0, 0, 0, 0, 0, 0, 0, 0, 0, 0, 0, 0, 0, 0, 0, 0, 0, 0, 0, 0, 0, 0, 0, 0, 0, 0, 0, 0, 0, 0, 0, 0, 0, 0, 0, 0, 0, 0, 0, 0, 0, 0, 0, 0, 0, 0, 0, 0, 0, 0, 0, 0, 0, 0, 0, 0, 0, 0, 0, 0, 0, 0, 0, 0, 0, 0, 0, 0, 0, 0, 0, 0, 0, 0, 0, 0, 0, 0, 0, 0, 0, 0, 0, 0, 0, 0, 0, 0, 0, 0, 0, 0, 0, 0, 0, 0, 0, 0, 0, 0, 0, 0, 0, 0, 0, 0, 0, 0, 0, 0, 0, 0, 0, 0, 0, 0, 0, 0, 0, 0, 0, 0, 0, 0, 0, 0, 0, 0, 0, 0, 0, 0, 0, 0, 0, 0, 0, 0, 0, 0, 0, 0, 0, 0, 0, 0, 0, 0, 0, 0, 0, 0, 0, 0, 0, 0, 0, 0, 0, 0, 0, 0, 0, 0, 0, 0, 0, 0, 0, 0, 0, 0, 0, 0, 0, 0, 0, 0, 0, 0, 0, 0, 0, 0, 0, 0, 0, 0, 0, 0, 0, 0, 0, 0, 0, 0, 0, 0, 0, 0, 0, 0, 0, 0, 0, 0, 0, 0, 0, 0, 0, 0, 0, 0, 0, 0, 0, 0, 0, 0, 0, 0, 0, 0, 0, 0, 0, 0, 0, 0, 0, 0, 0, 0, 0, 0, 0, 0, 0, 0, 0, 0, 0, 0, 0, 0, 0, 0, 0, 0, 0, 0, 0, 0, 0, 0, 0, 0, 0, 0, 0,
policy_cost
0, 0, 0, 0, 0, 0, 0, 0, 0, 0, 0, 0, 0, 0, 0, 0, 0, 0, 0, 0, 0, 0, 0, 0, 0, 0, 0, 0, 0, 0, 0, 0, 0, 0, 0, 0, 0, 0, 0, 0, 0, 0, 0, 0, 0, 0, 0, 0, 0, 0, 0, 0, 0, 0, 0, 0, 0, 0, 0, 0, 0, 0, 0, 0, 0, 0, 0, 0, 0, 0, 0, 0, 0, 0, 0, 0, 0, 0, 0, 0, 0, 0, 0, 0, 0, 0, 0, 0, 0, 0, 0, 0, 0, 0, 0, 0, 0, 0, 0, 0, 0, 0, 0, 0, 0, 0, 0, 0, 0, 0, 0, 0, 0, 0, 0, 0, 0, 0, 0, 0, 0, 0, 0, 0, 0, 0, 0, 0, 0, 0, 0, 0, 0, 0, 0, 0, 0, 0, 0, 0, 0, 0, 0, 0, 0, 0, 0, 0, 0, 0, 0, 0, 0, 0, 0, 0, 0, 0, 0, 0, 0, 0, 0, 0, 0, 0, 0, 0, 0, 0, 0, 0, 0, 0, 0, 0, 0, 0, 0, 0, 0, 0, 0, 0, 0, 0, 0, 0, 0, 0, 0, 0, 0, 0, 0, 0, 0, 0, 0, 0, 0, 0, 0, 0, 0, 0, 0, 0, 0, 0, 0, 0, 0, 0, 0, 0, 0, 0, 0, 0, 0, 0, 0, 0, 0, 0, 0, 0, 0, 0, 0, 0, 0, 0, 0, 0, 0, 0, 0, 0, 0, 0, 0, 0, 0, 0, 0, 0, 0, 0, 0, 0, 0, 0, 0, 0, 0, 0, 0, 0, 0, 0, 0, 0, 0, 0, 0, 0, 0, 0, 0, 0, 0, 0, 0, 0, 0, 0, 0, 0, 0, 0, 0, 0, 0, 0, 0, 0, 0, 0, 0, 0, 0, 0, 0, 0, 0, 0, 0, 0, 0, 0, 0, 0, 0, 0, 0, 0, 0, 0, 0, 0, 0, 0, 0, 0, 0, 0, 0, 0, 0, 0, 0, 0, 0, 0, 0, 0, 0, 0, 0, 0, 0, 0, 0, 0, 0, 0, 0, 0, 0, 0, 0, 0, 0, 0, 0, 0, 0, 0, 0, 0, 0, 0, 0, 0, 0, 0, 0, 0, 0, 0, 0, 0, 0, 0, 0, 0, 0, 0, 0, 0, 0, 0, 0, 0, 0, 0, 0, 0, 0, 0, 0, 0, 0, 0, 0, 0, 0, 0, 0, 0, 0, 0, 0, 0, 0, 0, 0, 0, 0, 0, 0, 0, 0, 0, 0, 0, 0, 0, 0, 0, 0, 0, 0, 0, 0, 0, 0, 0, 0, 0, 0, 0, 0, 0, 0, 0, 0, 0, 0, 0, 0, 0, 0, 0, 0, 0, 0, 0, 0, 0, 0, 0, 0, 0, 0, 0, 0, 0, 0, 0, 0, 0, 0, 0, 0, 0, 0, 0, 0, 0, 0, 0, 0, 0, 0, 0, 0, 0, 0, 0, 0, 0, 0, 0, 0, 0, 0, 0, 0, 0, 0, 0, 0, 0, 0, 0, 0, 0, 0, 0, 0, 0, 0, 0, 0, 0, 0, 0, 0, 0, 0, 0, 0, 0, 0, 0, 0, 0, 0, 0, 0, 0, 0, 0, 0, 0, 0, 0, 0, 0, 0, 0, 0, 0, 0, 0, 0, 0, 0, 0, 0, 0, 0, 0, 0, 0, 0, 0, 0, 0, 0, 0, 0, 0, 0, 0, 0, 0, 0, 0, 0, 0, 0, 0, 0, 0, 0, 0, 0, 291677, 0, 0, 0, 0, 0, 0, 0, 0, 0, 0, 0, 0, 0, 0, 0, 0, 0, 0, 0, 0, 0, 0, 0, 0, 0, 0, 0, 0, 0, 0, 0, 0, 0, 0, 0, 0, 0, 0, 0, 0, 0, 0, 0, 0, 0, 0, 0, 0, 0, 0, 0, 0, 0, 0, 0, 0, 0, 0, 0, 0, 0, 0, 0, 0, 0, 0, 0, 0, 0, 0, 0, 0, 0, 0, 0, 0, 0, 0, 0, 0, 0, 0, 0, 0, 0, 0, 0, 0, 0, 0, 0, 0, 0, 0, 0, 71243, 166642, 153954, 0, 0, 0, 178505, 104058, 0, 0, 0, 0, 0, 0, 0, 0, 0, 0, 0, 66506, 160648, 150466, 0, 0, 238414, 50473, 0, 0, 0, 0, 0, 0, 0, 0, 0, 0, 0, 0, 0, 0, 0, 0, 0, 0, 0, 0, 0, 93665, 105666, 0, 0, 0, 0, 0, 0, 0, 0, 0, 0, 0, 0, 0, 0, 0, 0, 0, 0, 0, 0, 0, 0, 0, 0, 0, 0, 75945, 70763, 0, 70776, 213288, 145696, 195867, 102909, 66087, 150526, 166548, 0, 0, 168906, 201393, 161693, 156621, 196926, 157017, 206614, 153438, 163039, 118601, 204039, 167542, 157096, 162311, 207188, 156244, 208551, 920870, 244901, 155896, 211259, 150272, 201144, 146784, 198015, 150522, 216926, 157676, 213759, 151268, 208895, 151187, 113163, 154858, 202449, 169992, 203619, 149767, 199021, 172661, 374178, 151854, 201207, 151485, 202771, 153831, 202432, 152708, 203676, 154199, 213399, 2048622, 211252, 156171, 215708, 158404, 893971, 205085, 153187, 210075, 154801, 202782, 202731, 152941, 199755, 150299, 198174, 148045, 657167, 151244, 197663, 150767, 200490, 170983, 602345, 395293, 514305, 155279, 200406, 575836, 788822, 394335, 153681, 203324, 287916, 154759, 199815, 156390, 355021, 199146, 909712, 205013, 359509, 202515, 281239, 199246, 156039, 401017, 150636, 206618, 149354, 374465, 661376, 427810, 150675, 199268, 1207252, 150875, 204440, 3768267, 2757360, 5898089, 151170, 205163, 8416309, 148439, 203225, 148625, 202237, 151760, 1196330, 872195, 148827, 200500, 148897, 198210, 666074, 204882, 150152, 197142, 1606062, 197036, 150061, 198065, 151933, 197932, 148770, 200105, 445500, 2175150, 200270, 149408, 200274, 1784265, 8036917, 5943430, 2184313, 7087326, 3690577, 149873, 2179623, 200094, 373887, 202975, 5825188, 1437222, 205229, 3870972, 152576, 550895, 1438122, 236289, 5978654, 4885423, 8235678, 8217400, 201322, 145638, 6251996, 15382029, 15420093, 15386165, 15399378, 15424311, 15408293, 15412810, 15385378, 15364794, 15404799, 15412322, 1874228, 0, 0, 0, 0, 0, 0, 0, 0, 0, 0, 0, 0, 0, 0, 0, 0, 0, 0, 0, 0, 0, 0, 0, 0, 0, 0, 0, 0, 0, 0, 0, 0, 0, 0, 0, 0, 0, 0, 0, 0, 0, 0, 0, 0, 0, 0, 0, 0, 0, 0, 0, 0, 0, 0, 0, 0, 0, 0, 0, 0, 0, 0, 0, 0, 0, 0, 0, 0, 0, 0, 0, 0, 0, 0, 0, 0, 0, 0, 0, 0, 0, 0, 0, 0, 0, 0, 0, 0, 0, 0, 0, 0, 0, 0, 0, 0, 0, 0, 0, 0, 0, 0, 0, 0, 0, 0, 0, 0, 0, 0, 0, 0, 0, 0, 0, 0, 0, 0, 0, 0, 0, 0, 0, 0, 0, 0, 0, 0, 0, 0, 0, 0, 0, 0, 0, 0, 0, 0, 0, 0, 0, 0, 0, 0, 0, 0, 0, 0, 0, 0, 0, 0, 0, 0, 0, 0, 0, 0, 0, 0, 0, 0, 0, 0, 0, 0, 0, 0, 0, 0, 0, 0, 0, 0, 0, 0, 0, 0, 0, 0, 0, 0, 0, 0, 0, 0, 0, 0, 0, 0, 0, 0, 0, 0, 0, 0, 0, 0, 0, 0, 0, 0, 0, 0, 0, 0, 0, 0, 0, 0, 0, 0, 0, 0, 0, 0, 0, 0, 0, 0, 0, 0, 0, 0, 0, 0, 0, 0, 0, 0, 0, 0, 0, 0, 0, 0, 0, 0, 0, 0, 0, 0, 0, 0, 0, 0, 0, 0, 0, 0, 0, 0, 0, 0, 0, 0, 0, 0, 0, 0, 0, 0, 0, 0, 0, 0, 0, 0, 0, 0, 0, 0, 0, 0, 0, 0, 0, 0, 0, 0, 0, 0, 0, 0, 0, 0, 0, 0, 0, 0, 0, 0, 0, 0, 0, 0, 0, 0, 0, 0, 0, 0, 0, 0, 0, 0, 0, 0, 0, 0, 0, 0, 0, 0, 0, 0, 0, 0, 0, 0, 0, 0, 0, 0, 0, 0, 0, 0, 0, 0, 0, 0, 0, 0, 0, 0, 0, 0, 0, 0, 0, 0, 0, 0, 0, 0, 0, 0, 0, 0, 0, 0, 0, 0, 0, 0, 0, 0, 0, 0, 0, 0, 0, 0, 0, 0, 0, 0, 0, 0, 0, 0, 0, 0, 0, 0, 0, 0, 0, 0, 0, 0, 0, 0, 0, 0, 0, 0, 0, 0, 0, 0, 0, 0, 0, 0, 0, 0, 0, 0, 0, 0, 0, 0, 0, 0, 0, 0, 0, 0, 0, 0, 0, 0, 0, 0, 0, 0, 0, 0, 0, 0, 0, 0, 0, 0, 0, 0, 0, 0, 0, 0, 0, 0, 0, 0, 0, 0, 0, 0, 0, 0, 0, 0, 0, 0, 0, 0, 0, 0, 0, 0, 0, 0, 0, 0, 0, 0, 0, 0, 0, 0, 0, 0, 0, 0, 0, 0, 0, 0, 0, 0, 0, 0, 0, 0, 0, 0, 0, 0, 0, 0, 0, 0, 0, 0, 0, 0, 0, 0, 0, 0, 0, 0, 0, 0, 0, 0, 0, 0, 0, 0, 0, 0, 0, 0, 0, 0, 0, 0, 0, 0, 0, 0, 0, 0, 0, 0, 0, 0, 0, 0, 0, 0, 0, 0, 0, 0, 0, 0, 0, 0, 0, 0, 0, 0, 0, 0, 0, 0, 0, 0, 0, 0, 0, 0, 0, 0, 0, 0, 0, 0, 0, 0, 0, 0, 0, 0, 0, 0, 0, 0, 0, 0, 0, 0, 0, 0, 0, 0, 0, 0, 0, 0, 0, 0, 0, 0, 0, 0, 0, 0, 0, 0, 0, 0, 0, 0, 0, 0, 0, 0, 0, 0, 0, 0, 0, 0, 0, 0, 0, 0, 0, 0, 0, 0, 0, 0, 0, 0, 0, 0, 0, 0, 0, 0, 0, 0, 0, 0, 0, 0, 0, 0, 0, 0, 0, 0, 0, 0, 0, 0, 0, 0, 0, 0, 0, 0, 0, 0, 0, 0, 0, 0, 0, 0, 0, 0, 0, 0, 0, 0, 0, 0, 0, 0, 0, 0, 0, 0, 0, 0, 0, 0, 0, 0, 0, 0, 0, 0, 0, 0, 0, 0, 0, 0, 0, 0, 0, 0, 0, 0, 0, 0, 0, 0, 0, 0, 0, 0, 0, 0, 0, 0, 0, 0, 0, 0, 0, 0, 0, 0, 0, 0, 0, 0, 0, 0, 0, 0, 0, 0, 0, 0, 0, 0, 0, 0, 0, 0, 0, 0, 0, 0, 0, 0, 0, 0, 0, 0, 0, 0, 0, 0, 0, 0, 0, 0, 0, 0, 0, 0, 0, 0, 0, 0, 0, 0, 0, 0, 0, 0, 0, 0, 0, 0, 0, 0, 0, 0, 0, 0, 0, 0, 0, 0, 0, 0, 0, 0, 0, 0, 0, 0, 0, 0, 0, 0, 0, 0, 0, 0, 0, 0, 0, 0, 0, 0, 0, 0, 0, 0, 0, 0, 0, 0, 0, 0, 0, 0, 0, 0, 0, 0, 0, 0, 0, 0, 0, 0, 0, 0, 0, 0, 0, 0, 0, 0, 0, 0, 0, 0, 0, 0, 0, 0, 0, 0, 0, 0, 0, 0, 0, 0, 0, 0, 0, 0, 0, 0, 0, 0, 0, 0, 0, 0, 0, 0, 0, 0, 0, 0, 0, 0, 0, 0, 0, 0, 0, 0, 0, 0, 0, 0, 0, 0, 0, 0, 0, 0, 0, 0, 0, 0,
